1.075944837033315825e-03  2.810678983834213884e-02   9.775953731851966255e-01 -1.233048653531264790e+03 0.000000000000000000e+00 0.000000000000000000e+00
-1.330354404159926618e-02 -7.052600741442412169e-02   1.296611540012487795e+00 -2.354266597338572353e+02 0.000000000000000000e+00 0.000000000000000000e+00
-4.154747415637137786e-01 -3.679158744649642376e-02   2.280905857011791049e+00  1.190667835714515199e+01 0.000000000000000000e+00 0.000000000000000000e+00
-4.545322101545464788e-01  4.240843005862086207e-03   2.133544960141651181e+00  9.324262871935211194e+00 0.000000000000000000e+00 0.000000000000000000e+00
-4.134679293761935881e-01  7.219581662700585989e-02   1.923036792511318316e+00  9.269994400090567410e+00 0.000000000000000000e+00 0.000000000000000000e+00
-4.972432982862475259e-01  7.909246110144681208e-02   1.846642528606210254e+00  5.924893845111027346e+00 0.000000000000000000e+00 0.000000000000000000e+00
-5.417936338803741592e-01 -5.643075049579820285e-02   2.391116997550241319e+00  6.885402976854654078e+00 0.000000000000000000e+00 0.000000000000000000e+00
-6.271947283064982503e-01 -5.229886291871702758e-02   2.238795079245842423e+00  4.573920794313354854e+00 0.000000000000000000e+00 0.000000000000000000e+00
-9.739807255741546044e-01  8.442600842853537069e-02   2.965723653183631736e+00  2.056698487945805454e+00 0.000000000000000000e+00 0.000000000000000000e+00
-7.860688040338571492e-01  2.944185208347102622e-02   2.498793283448411451e+00  3.027002437851733951e+00 0.000000000000000000e+00 0.000000000000000000e+00
-9.458293798823276255e-01 -7.884578865931167468e-02   2.920703755147471270e+00  2.197557204349644078e+00 0.000000000000000000e+00 0.000000000000000000e+00
-8.232526081114234229e-01 -8.791050436771544185e-03   2.600325127364633282e+00  2.835419380966802905e+00 0.000000000000000000e+00 0.000000000000000000e+00
-1.082730524415504325e+00  5.921004210775491355e-03   3.009633979962369921e+00  1.567047810057405677e+00 0.000000000000000000e+00 0.000000000000000000e+00
-9.878442260487209081e-01 -5.279243111973729030e-02   2.859063780286137391e+00  1.904875797283525074e+00 0.000000000000000000e+00 0.000000000000000000e+00
-1.208064041443822623e+00 -9.087267244811942854e-03   3.269856574706840213e+00  1.240139521311293347e+00 0.000000000000000000e+00 0.000000000000000000e+00
-1.279779752204102561e+00  7.874248431630770373e-02   3.400683311873620163e+00  1.052893717300392940e+00 0.000000000000000000e+00 0.000000000000000000e+00
-1.341427638339670159e+00  1.869092119683797570e-01   3.336408992222060554e+00  7.495590124868671822e-01 0.000000000000000000e+00 0.000000000000000000e+00
-1.372027342970059571e+00 -2.085680267170239577e-02   3.577532053477411988e+00  8.991398060180397778e-01 0.000000000000000000e+00 0.000000000000000000e+00
-1.673458984434533114e+00 -1.264041607898965247e-01   4.364885856009551368e+00  5.322024480987560535e-01 0.000000000000000000e+00 0.000000000000000000e+00
-1.619690047701274338e+00  6.200525225231777460e-02   4.066667809168212244e+00  5.433553362168734857e-01 0.000000000000000000e+00 0.000000000000000000e+00
-1.575876993464065512e+00 -9.489460993392719035e-02   4.060330309980787256e+00  6.173171722709485110e-01 0.000000000000000000e+00 0.000000000000000000e+00
-1.644966801805875178e+00 -3.762489814962663437e-02   4.148591941600098920e+00  5.307521715509720961e-01 0.000000000000000000e+00 0.000000000000000000e+00
-1.723844664297801588e+00 -9.336809980998944658e-02   4.376018177758178140e+00  4.596965426745440175e-01 0.000000000000000000e+00 0.000000000000000000e+00
-1.682584077642679254e+00  1.601381597984979921e-01   4.107915198435202697e+00  4.121596334698187647e-01 0.000000000000000000e+00 0.000000000000000000e+00
-1.833228704696756584e+00 -5.835393955515944669e-02   4.594935270273273531e+00  3.630952518819978159e-01 0.000000000000000000e+00 0.000000000000000000e+00
-1.977119268799646168e+00 -4.033664520503605494e-02   4.915374142866523854e+00  2.558812627869456180e-01 0.000000000000000000e+00 0.000000000000000000e+00
-1.840783385746445289e+00  6.919917112877756182e-02   4.549776264642966694e+00  3.370384512093051455e-01 0.000000000000000000e+00 0.000000000000000000e+00
-1.893770193252861223e+00  1.165684392417250595e-02   4.710169407332093883e+00  3.132052487341749347e-01 0.000000000000000000e+00 0.000000000000000000e+00
-2.023466730671272362e+00  3.203511551057399570e-02   5.001617846741566176e+00  2.206518702966660805e-01 0.000000000000000000e+00 0.000000000000000000e+00
-2.127824485516154329e+00  1.185653701795107290e-01   5.266130252589948491e+00  1.523297719933627559e-01 0.000000000000000000e+00 0.000000000000000000e+00
-2.043334893177113809e+00  3.842514911691817525e-02   5.066083858684828023e+00  2.120835497465371200e-01 0.000000000000000000e+00 0.000000000000000000e+00
-2.026311464568066878e+00 -2.400850252807705185e-02   5.070476737473027740e+00  2.343931174845220733e-01 0.000000000000000000e+00 0.000000000000000000e+00
-2.096365261428406512e+00 -5.832279017740435965e-03   5.244441360380599271e+00  1.933153868519029150e-01 0.000000000000000000e+00 0.000000000000000000e+00
-2.232516673184715916e+00 -4.060895502867849921e-02   5.625678044530039834e+00  1.275982516953854118e-01 0.000000000000000000e+00 0.000000000000000000e+00
-2.239825980295450325e+00 -7.078185383106977424e-02   5.679987376703066637e+00  1.288023384657485948e-01 0.000000000000000000e+00 0.000000000000000000e+00
-2.209014107688497042e+00 -3.259222013947033619e-02   5.578000654383928669e+00  1.423468079270772124e-01 0.000000000000000000e+00 0.000000000000000000e+00
-2.257398703441154009e+00 -6.592377567573028119e-02   5.711066644358766098e+00  1.178658578826419778e-01 0.000000000000000000e+00 0.000000000000000000e+00
-2.361432798202029115e+00  4.545959750252686477e-02   6.069075083563864048e+00  8.714761092660576469e-02 0.000000000000000000e+00 0.000000000000000000e+00
-2.285562026134388969e+00  8.482727829683545107e-02   5.824935981949239228e+00  1.104802761421515428e-01 0.000000000000000000e+00 0.000000000000000000e+00
-2.314929547651587871e+00 -1.081012138058622465e-02   5.916155854637430878e+00  1.039150105604692842e-01 0.000000000000000000e+00 0.000000000000000000e+00
-2.348282988174063224e+00  4.183614935623545389e-02   6.023347060521736296e+00  9.124813521489150148e-02 0.000000000000000000e+00 0.000000000000000000e+00
-2.316644100608037604e+00  7.373655915799208482e-02   5.921882906992638418e+00  1.000728945288450744e-01 0.000000000000000000e+00 0.000000000000000000e+00
-2.314255865729824446e+00  5.175726890247319550e-02   5.920524621682476507e+00  1.037884181919897231e-01 0.000000000000000000e+00 0.000000000000000000e+00
-2.446660151211173861e+00  1.500758213847359079e-01   6.398498336128312758e+00  5.689475444459522052e-02 0.000000000000000000e+00 0.000000000000000000e+00
-2.386136416976769592e+00  1.135250022146191140e-01   6.168410597526325034e+00  7.605553592715641464e-02 0.000000000000000000e+00 0.000000000000000000e+00
-2.476797669485906628e+00 -5.904393299603334644e-02   6.486673834602668443e+00  5.560309696717549710e-02 0.000000000000000000e+00 0.000000000000000000e+00
-2.481109115156147293e+00  5.450289495770756915e-02   6.525405532068414338e+00  5.849086669105114933e-02 0.000000000000000000e+00 0.000000000000000000e+00
-2.471621167025974675e+00  4.605869214558545172e-02   6.489734312367532176e+00  6.123285654123019478e-02 0.000000000000000000e+00 0.000000000000000000e+00
-2.511860588880172163e+00 -1.192003776686525497e-02   6.637319409793978053e+00  5.189481283987273930e-02 0.000000000000000000e+00 0.000000000000000000e+00
-2.473791066826934060e+00 -2.906408017014904671e-02   6.491921635261328483e+00  6.039432901105575013e-02 0.000000000000000000e+00 0.000000000000000000e+00
