-9.626601990366819850e-01 -1.853593726073587619e-02   2.512291916299611572e+00  1.707952560411693854e+00 -5.999999999999999778e-01 2.520000000000000018e+00
-7.367235235800916326e-01  4.081285169066558444e-02   2.184850924501164471e+00  2.988561842136963076e+00 -7.500000000000000000e-01 2.859999999999999876e+00
-9.023689127447805935e-01 -2.676218269328194468e-02   2.273772145489830976e+00  1.785049192365513626e+00 -6.700000000000000400e-01 2.300000000000000266e+00
-6.161817256779532626e-01  7.322042542122879361e-02   1.644445403758681090e+00  3.151898029298383808e+00 -1.010000000000000009e+00 3.220000000000000195e+00
-9.833135383378809324e-01  2.187307165067938625e-02   2.163156207516772067e+00  1.233876825431624580e+00 -7.600000000000000089e-01 2.399999999999999911e+00
-1.062163770851665578e+00 -6.740326122928974595e-02   2.467712280682583970e+00  1.161067684717270510e+00 -7.000000000000000666e-01 2.200000000000000178e+00
-9.052413678320782031e-01 -7.182054624057079839e-02   2.414814132171203998e+00  1.891760231152637139e+00 -5.999999999999999778e-01 2.640000000000000124e+00
-1.022282581708065408e+00 -6.851697607094159315e-02   2.557439883271795722e+00  1.414432695406207641e+00 -7.600000000000000089e-01 2.319999999999999840e+00
-9.155984534928174323e-01 -8.471526773931448151e-02   2.505595349176231945e+00  1.913149538754449708e+00 -7.199999999999999734e-01 2.640000000000000124e+00
-1.141747940890426083e+00 -2.681904715900464489e-02   2.733999511051113274e+00  1.093819075909377991e+00 -5.000000000000000000e-01 2.080000000000000071e+00
-1.144172346147880326e+00  2.720648253336848191e-02   2.899624183337181194e+00  1.211170481192596737e+00 -5.999999999999999778e-01 2.439999999999999947e+00
-1.190360509641372966e+00  5.618347406598944715e-03   2.554727491912110349e+00  8.028456060440906095e-01 -5.500000000000000444e-01 2.220000000000000195e+00
-1.115118706867338716e+00  4.879678613175829349e-02   2.524816244836014079e+00  1.018800986342667692e+00 -6.099999999999999867e-01 2.459999999999999964e+00
-1.053462658381542072e+00 -3.162240610540887481e-02   2.355097960961950676e+00  1.116395796142472419e+00 -7.700000000000000178e-01 2.660000000000000142e+00
-1.167625968926159219e+00 -8.590624916203590256e-02   2.892344780892833533e+00  1.087354879823766218e+00 -6.800000000000000488e-01 2.240000000000000213e+00
-1.045656245983331400e+00  1.142138654462230840e-01   2.543598528069690889e+00  1.244692079130922835e+00 -6.199999999999999956e-01 2.640000000000000124e+00
-1.212855802374858127e+00 -9.176032859655409990e-03   3.000280552705766546e+00  1.039242865500070723e+00 -5.200000000000000178e-01 2.080000000000000071e+00
-1.016149282776319662e+00  9.105176564613620682e-02   2.429162350597510844e+00  1.296647951463829163e+00 -5.799999999999999600e-01 2.520000000000000018e+00
-1.011276754457210769e+00  6.725637210366783303e-02   2.269881734599662693e+00  1.190305063535060937e+00 -1.010000000000000009e+00 2.859999999999999876e+00
-1.144660265740588878e+00  3.302789589181712171e-02   2.575003659781260890e+00  9.603791484797747913e-01 -6.400000000000000133e-01 2.240000000000000213e+00
-1.164894213207787965e+00  2.336412385850662136e-03   2.597750094408181720e+00  9.143403455332050900e-01 -4.000000000000000222e-01 2.520000000000000018e+00
-1.295008483648675268e+00 -3.154489988838968251e-02   3.012138265581270957e+00  7.929025420357045384e-01 -5.799999999999999600e-01 2.120000000000000107e+00
-1.370161400009376473e+00  5.688579108795816658e-02   2.961891867256707833e+00  5.695696497911830747e-01 -4.700000000000000289e-01 1.860000000000000098e+00
-1.220611025118430337e+00  5.910236108924087767e-02   2.722970039776663409e+00  8.148253201250817979e-01 -5.500000000000000444e-01 2.459999999999999964e+00
-1.356942434573190415e+00 -5.704800691419527336e-02   3.183999893957313976e+00  7.200775715701814850e-01 -5.100000000000000089e-01 2.020000000000000018e+00
-1.270571435239493230e+00  1.692469590680085664e-02   2.665379539563986100e+00  6.501738941421684181e-01 -8.499999999999999778e-01 2.140000000000000124e+00
-1.422585761958479855e+00 -3.485345199989415416e-02   3.094426706301185437e+00  5.263049158207161460e-01 -5.400000000000000355e-01 1.840000000000000080e+00
-1.679047896301554044e+00 -1.108046242114197055e-01   3.894712715686492466e+00  3.635757371135698302e-01 -3.599999999999999867e-01 1.080000000000000071e+00
-1.369542985949104619e+00  3.652719841421687985e-02   3.238010843510358061e+00  7.226627801479578173e-01 -4.799999999999999822e-01 1.919999999999999929e+00
-1.442885619110498396e+00 -7.431755335976986121e-02   3.317405565085917996e+00  5.808107283538664900e-01 -2.700000000000000178e-01 1.860000000000000098e+00
-1.354888388389945852e+00  3.951061510620393347e-02   3.295269475986537522e+00  7.905072566641405674e-01 -4.199999999999999845e-01 2.160000000000000142e+00
-1.323691466816858453e+00  2.394256863219291001e-02   2.982084894375814255e+00  7.002791481071976021e-01 -6.500000000000000222e-01 2.100000000000000089e+00
-1.284965173288416418e+00 -1.312349961147478254e-02   3.160773266293952055e+00  9.137038512414984437e-01 -5.700000000000000622e-01 2.379999999999999893e+00
-1.288368486161903581e+00  1.985171911069030966e-03   2.803718286305570739e+00  6.890834018433841246e-01 -8.499999999999999778e-01 2.300000000000000266e+00
-1.318662757063558066e+00  4.914226181461644333e-02   3.276235412675229774e+00  8.762840180869634343e-01 -3.599999999999999867e-01 2.439999999999999947e+00
-1.357361253276357926e+00 -1.511919368151971345e-02   3.039195236581717197e+00  6.489445778696816269e-01 -7.600000000000000089e-01 2.120000000000000107e+00
-1.418000610607512701e+00 -2.339325519669869374e-03   3.157287417094341908e+00  5.702099936322250207e-01 -6.900000000000000577e-01 1.860000000000000098e+00
-1.494567964470002286e+00  7.430669730042438817e-03   3.528649980997219604e+00  5.795924083079366795e-01 -5.200000000000000178e-01 1.959999999999999964e+00
-1.635715398536903287e+00 -1.179343069543427672e-02   3.716002706657361099e+00  3.886500356917323429e-01 -4.000000000000000222e-01 1.600000000000000089e+00
-1.589797514415119739e+00 -5.401674780848553757e-04   3.575280141050306781e+00  4.145760437530865983e-01 -4.199999999999999845e-01 1.800000000000000044e+00
-1.494978368277636305e+00 -3.946008310687739579e-02   3.406375042591172075e+00  5.209503266579580405e-01 -6.300000000000000044e-01 2.060000000000000053e+00
-1.585023235431870958e+00 -7.478058673226795593e-03   3.554395685286632300e+00  4.147037542925217091e-01 -3.800000000000000044e-01 1.679999999999999938e+00
-1.552981364384372176e+00 -5.506574903361495521e-02   3.677374378038400948e+00  5.190344231936677710e-01 -4.899999999999999911e-01 1.900000000000000133e+00
-1.673708120284267409e+00 -2.712035924998638242e-02   3.906657285086665876e+00  3.934898036840807078e-01 -4.600000000000000200e-01 1.560000000000000053e+00
-1.545716483545586550e+00 -9.141867424227692607e-03   3.464392633274605338e+00  4.498459385458097870e-01 -3.099999999999999978e-01 2.100000000000000089e+00
-1.590852845774819668e+00 -4.106734981181117163e-03   3.710910588923457265e+00  4.662627102886931496e-01 -2.999999999999999889e-01 1.719999999999999973e+00
-1.667814876875982844e+00 -7.623841522540125704e-02   3.849325221268212083e+00  3.752049505258474582e-01 -3.699999999999999956e-01 1.739999999999999991e+00
-1.588067036266636034e+00  1.031171091132577211e-01   3.694629422607218494e+00  4.465844749646058487e-01 -3.500000000000000333e-01 2.379999999999999893e+00
-1.798168851068207674e+00 -9.904467031347204131e-02   4.095401961295488391e+00  2.551185888671336222e-01 -2.600000000000000089e-01 1.520000000000000018e+00
-1.573024080894035448e+00  3.003294160478581915e-02   3.548536058755224154e+00  4.325295134270811803e-01 -4.000000000000000222e-01 2.240000000000000213e+00
