-3.701028420247208128e+00  0.000000000000000000e+00   1.420926815964342005e+01  3.735372383105490385e-02 0.000000000000000000e+00 0.000000000000000000e+00
-3.569495519105673420e+00  0.000000000000000000e+00   1.341713821789018368e+01  5.304325690639172253e-02 0.000000000000000000e+00 0.000000000000000000e+00
-3.699568257292981333e+00  0.000000000000000000e+00   1.394935987285347956e+01  1.918304358931650563e-02 0.000000000000000000e+00 0.000000000000000000e+00
-3.530721681831211711e+00  0.000000000000000000e+00   1.307487396766263998e+01  4.884314040473974883e-02 0.000000000000000000e+00 0.000000000000000000e+00
-3.591977717739760045e+00  0.000000000000000000e+00   1.341415792845738331e+01  3.967151965293703314e-02 0.000000000000000000e+00 0.000000000000000000e+00
-3.462442782037056244e+00  0.000000000000000000e+00   1.283205278987819931e+01  7.036260299813806851e-02 0.000000000000000000e+00 0.000000000000000000e+00
-3.631564211462541714e+00  0.000000000000000000e+00   1.337375413378739708e+01  1.406520126188254977e-02 0.000000000000000000e+00 0.000000000000000000e+00
-3.735778658298524846e+00  0.000000000000000000e+00   1.409660660199702953e+01  1.007193990581958451e-02 0.000000000000000000e+00 0.000000000000000000e+00
-3.702444755332807258e+00  0.000000000000000000e+00   1.384889122883344470e+01  1.027086843885597137e-02 0.000000000000000000e+00 0.000000000000000000e+00
-3.890529609810412293e+00  0.000000000000000000e+00   2.065871952638343245e+01  3.648532226877184703e-01 0.000000000000000000e+00 0.000000000000000000e+00
-3.610959281164099366e+00  0.000000000000000000e+00   1.331699754318256090e+01  2.131835561387333128e-02 0.000000000000000000e+00 0.000000000000000000e+00
-3.606356946165083954e+00  0.000000000000000000e+00   1.322424905992464161e+01  1.679546523164934801e-02 0.000000000000000000e+00 0.000000000000000000e+00
-3.590525375428811117e+00  0.000000000000000000e+00   1.317844300220076725e+01  2.222877485283066348e-02 0.000000000000000000e+00 0.000000000000000000e+00
-3.567126028657838788e+00  0.000000000000000000e+00   1.296117152789759075e+01  1.860862947812815318e-02 0.000000000000000000e+00 0.000000000000000000e+00
-3.612216754879201464e+00  0.000000000000000000e+00   1.331835127561479837e+01  2.071115232646705481e-02 0.000000000000000000e+00 0.000000000000000000e+00
-3.669327240043138705e+00  0.000000000000000000e+00   1.357301536236865047e+01  8.099619164891399756e-03 0.000000000000000000e+00 0.000000000000000000e+00
-3.638006367821494003e+00  0.000000000000000000e+00   1.334642125547247460e+01  8.411799267508688130e-03 0.000000000000000000e+00 0.000000000000000000e+00
-3.689411193558077784e+00  0.000000000000000000e+00   1.369110148163660234e+01  5.829264980628472322e-03 0.000000000000000000e+00 0.000000000000000000e+00
-3.654038323439959157e+00  0.000000000000000000e+00   1.344140788710035039e+01  6.696513200667517617e-03 0.000000000000000000e+00 0.000000000000000000e+00
-3.657901038360968915e+00  0.000000000000000000e+00   1.347008294550727037e+01  6.714598469217136940e-03 0.000000000000000000e+00 0.000000000000000000e+00
-3.680846751275412831e+00  0.000000000000000000e+00   1.362282573426276500e+01  5.476045365484864293e-03 0.000000000000000000e+00 0.000000000000000000e+00
-3.698661732137098479e+00  0.000000000000000000e+00   1.372787543485693540e+01  3.492432872588144277e-03 0.000000000000000000e+00 0.000000000000000000e+00
-3.667842237216708767e+00  0.000000000000000000e+00   1.349467146207678070e+01  3.092587434855677015e-03 0.000000000000000000e+00 0.000000000000000000e+00
-3.625449792850606201e+00  0.000000000000000000e+00   1.321922330581086591e+01  5.731722276141458516e-03 0.000000000000000000e+00 0.000000000000000000e+00
-3.672873782389839192e+00  0.000000000000000000e+00   1.352834201443304707e+01  2.842119191242585292e-03 0.000000000000000000e+00 0.000000000000000000e+00
-3.644065439910860071e+00  0.000000000000000000e+00   1.331557993903901860e+01  2.738641881640742608e-03 0.000000000000000000e+00 0.000000000000000000e+00
-3.637446517788870182e+00  0.000000000000000000e+00   1.330960615895477517e+01  5.939754152834952373e-03 0.000000000000000000e+00 0.000000000000000000e+00
-3.644666174288610616e+00  0.000000000000000000e+00   1.333493300604291676e+01  3.865030323636092086e-03 0.000000000000000000e+00 0.000000000000000000e+00
-3.670224098515601163e+00  0.000000000000000000e+00   1.349344767605236584e+01  1.700209074025653281e-03 0.000000000000000000e+00 0.000000000000000000e+00
-3.689424943052477701e+00  0.000000000000000000e+00   1.363594803163420544e+01  1.769899746958064754e-03 0.000000000000000000e+00 0.000000000000000000e+00
-3.691494870564772768e+00  0.000000000000000000e+00   1.366381075631123032e+01  2.691422560610334368e-03 0.000000000000000000e+00 0.000000000000000000e+00
-3.669391197672785765e+00  0.000000000000000000e+00   1.352301137513015661e+01  4.350693338495218929e-03 0.000000000000000000e+00 0.000000000000000000e+00
-3.653996027977624905e+00  0.000000000000000000e+00   1.337962382151693497e+01  2.092383464221774479e-03 0.000000000000000000e+00 0.000000000000000000e+00
-3.631111836218079869e+00  0.000000000000000000e+00   1.322921635955707842e+01  3.355576979433284781e-03 0.000000000000000000e+00 0.000000000000000000e+00
-3.637265420279880423e+00  0.000000000000000000e+00   1.328294198876353960e+01  4.024448948647762689e-03 0.000000000000000000e+00 0.000000000000000000e+00
-3.693774679633979652e+00  0.000000000000000000e+00   1.366856149389211872e+01  1.802269243690802353e-03 0.000000000000000000e+00 0.000000000000000000e+00
-3.680720075469356978e+00  0.000000000000000000e+00   1.356726135087571805e+01  1.443866967603498223e-03 0.000000000000000000e+00 0.000000000000000000e+00
-3.663450450313386231e+00  0.000000000000000000e+00   1.348674744279217919e+01  4.908641899400515915e-03 0.000000000000000000e+00 0.000000000000000000e+00
-3.660534782074984950e+00  0.000000000000000000e+00   1.341911478050716156e+01  1.462731291853655276e-03 0.000000000000000000e+00 0.000000000000000000e+00
-3.652537161191815152e+00  0.000000000000000000e+00   1.337377863294584657e+01  2.454902257986602259e-03 0.000000000000000000e+00 0.000000000000000000e+00
-3.675778795000841814e+00  0.000000000000000000e+00   1.352256614545794378e+01  8.301462021059327146e-04 0.000000000000000000e+00 0.000000000000000000e+00
-3.697688446088569059e+00  0.000000000000000000e+00   1.368660305042926062e+01  1.002216519419597612e-03 0.000000000000000000e+00 0.000000000000000000e+00
-3.646398274989219424e+00  0.000000000000000000e+00   1.333100300989635301e+01  2.615978756242995015e-03 0.000000000000000000e+00 0.000000000000000000e+00
-3.672534420679738343e+00  0.000000000000000000e+00   1.350177227873324703e+01  1.057512367971009167e-03 0.000000000000000000e+00 0.000000000000000000e+00
-3.681381935106229797e+00  0.000000000000000000e+00   1.356796451727368336e+01  1.135693214975761920e-03 0.000000000000000000e+00 0.000000000000000000e+00
-3.668932763290705612e+00  0.000000000000000000e+00   1.348431353845881375e+01  1.726899943183590096e-03 0.000000000000000000e+00 0.000000000000000000e+00
-3.667299465182448870e+00  0.000000000000000000e+00   1.345899914141145537e+01  7.371337018994693780e-04 0.000000000000000000e+00 0.000000000000000000e+00
-3.683543617878211940e+00  0.000000000000000000e+00   1.357975678042508605e+01  8.300991958596714128e-04 0.000000000000000000e+00 0.000000000000000000e+00
-3.656992355893065927e+00  0.000000000000000000e+00   1.339242911382926238e+01  1.408448921743942102e-03 0.000000000000000000e+00 0.000000000000000000e+00
-3.681484549963936370e+00  0.000000000000000000e+00   1.355925157298441697e+01  4.370204237955468193e-04 0.000000000000000000e+00 0.000000000000000000e+00
