-1.175066407108173339e+00  0.000000000000000000e+00   5.595915785789229879e+00  3.052717656247436739e+00 0.000000000000000000e+00 0.000000000000000000e+00
-1.068419932836438990e+00  0.000000000000000000e+00   3.412681374200908557e+00  1.989591008089729440e+00 0.000000000000000000e+00 0.000000000000000000e+00
-1.338972354225100192e+00  0.000000000000000000e+00   4.505789366206115254e+00  1.513203554578536725e+00 0.000000000000000000e+00 0.000000000000000000e+00
-1.402274794730201224e+00  0.000000000000000000e+00   5.103136976495919797e+00  1.595200821177703565e+00 0.000000000000000000e+00 0.000000000000000000e+00
-1.520727730727502225e+00  0.000000000000000000e+00   5.123378460156670755e+00  1.215406916138767279e+00 0.000000000000000000e+00 0.000000000000000000e+00
-1.690966035768199482e+00  0.000000000000000000e+00   6.235013278718020580e+00  1.180557853124807988e+00 0.000000000000000000e+00 0.000000000000000000e+00
-1.524787000765482459e+00  0.000000000000000000e+00   4.493258519490499481e+00  9.326047595724792361e-01 0.000000000000000000e+00 0.000000000000000000e+00
-1.779282757265494563e+00  0.000000000000000000e+00   5.360017367196101112e+00  6.930752328158950037e-01 0.000000000000000000e+00 0.000000000000000000e+00
-2.084847604920625930e+00  0.000000000000000000e+00   6.978025931270861903e+00  6.054025515610630404e-01 0.000000000000000000e+00 0.000000000000000000e+00
-1.772430173775876749e+00  0.000000000000000000e+00   5.137484629853689810e+00  6.353558389497575565e-01 0.000000000000000000e+00 0.000000000000000000e+00
-2.187393664149757999e+00  0.000000000000000000e+00   6.511295313003734542e+00  3.608601382824168091e-01 0.000000000000000000e+00 0.000000000000000000e+00
-2.263163593113361127e+00  0.000000000000000000e+00   6.972438343007832273e+00  3.612966828426335542e-01 0.000000000000000000e+00 0.000000000000000000e+00
-2.288857711205721568e+00  0.000000000000000000e+00   6.501089439472789167e+00  2.409336189607018675e-01 0.000000000000000000e+00 0.000000000000000000e+00
-2.231847840359604263e+00  0.000000000000000000e+00   6.501332864176988302e+00  3.051884954226819491e-01 0.000000000000000000e+00 0.000000000000000000e+00
-2.470227203887374934e+00  0.000000000000000000e+00   7.364001804078791125e+00  2.068132947568297186e-01 0.000000000000000000e+00 0.000000000000000000e+00
-2.537259557431763568e+00  0.000000000000000000e+00   7.541854494563581035e+00  1.715163526442068098e-01 0.000000000000000000e+00 0.000000000000000000e+00
-2.591617289432551985e+00  0.000000000000000000e+00   7.570272790955939968e+00  1.271190554931904138e-01 0.000000000000000000e+00 0.000000000000000000e+00
-2.446288275874817231e+00  0.000000000000000000e+00   6.840306059797142346e+00  1.430369408519529817e-01 0.000000000000000000e+00 0.000000000000000000e+00
-2.604474764924090913e+00  0.000000000000000000e+00   7.367551836322225434e+00  8.613270823716173696e-02 0.000000000000000000e+00 0.000000000000000000e+00
-2.710114341175691610e+00  0.000000000000000000e+00   7.958749828162664741e+00  8.360156785624742182e-02 0.000000000000000000e+00 0.000000000000000000e+00
-2.599971290425918014e+00  0.000000000000000000e+00   7.385349001844388361e+00  9.253137643763635622e-02 0.000000000000000000e+00 0.000000000000000000e+00
-2.745247279048500744e+00  0.000000000000000000e+00   8.082650785844789354e+00  7.248413330893355155e-02 0.000000000000000000e+00 0.000000000000000000e+00
-2.689821513010296705e+00  0.000000000000000000e+00   7.612037155884626038e+00  5.209261961985513223e-02 0.000000000000000000e+00 0.000000000000000000e+00
-2.701105021258183747e+00  0.000000000000000000e+00   7.559249446757023705e+00  3.608583518606975349e-02 0.000000000000000000e+00 0.000000000000000000e+00
-2.626627148239286225e+00  0.000000000000000000e+00   7.311665278092369213e+00  5.978908937013542590e-02 0.000000000000000000e+00 0.000000000000000000e+00
-2.692364216723575954e+00  0.000000000000000000e+00   7.485153345126946967e+00  3.260228618736552703e-02 0.000000000000000000e+00 0.000000000000000000e+00
-2.815867619364226027e+00  0.000000000000000000e+00   8.134278767111084107e+00  2.587532594311643674e-02 0.000000000000000000e+00 0.000000000000000000e+00
-2.649330064224818759e+00  0.000000000000000000e+00   7.337936943927490852e+00  4.544656455764681247e-02 0.000000000000000000e+00 0.000000000000000000e+00
-2.824923294145639474e+00  0.000000000000000000e+00   8.101945538124351032e+00  1.525701714305003481e-02 0.000000000000000000e+00 0.000000000000000000e+00
-2.811665896664399700e+00  0.000000000000000000e+00   8.080255718866174774e+00  2.211009749201413646e-02 0.000000000000000000e+00 0.000000000000000000e+00
-2.770600415090614721e+00  0.000000000000000000e+00   7.784738482962255901e+00  1.413608894927446610e-02 0.000000000000000000e+00 0.000000000000000000e+00
-2.747369530214947453e+00  0.000000000000000000e+00   7.693631916106855151e+00  1.928879462346867746e-02 0.000000000000000000e+00 0.000000000000000000e+00
-2.717350700081875736e+00  0.000000000000000000e+00   7.522945180693743517e+00  1.881777502684220046e-02 0.000000000000000000e+00 0.000000000000000000e+00
-2.812290425293308083e+00  0.000000000000000000e+00   7.999405974028018562e+00  1.143365732942227229e-02 0.000000000000000000e+00 0.000000000000000000e+00
-2.796381423724588533e+00  0.000000000000000000e+00   7.882867435749390417e+00  8.071661668043329796e-03 0.000000000000000000e+00 0.000000000000000000e+00
-2.749598051519959174e+00  0.000000000000000000e+00   7.655795815169686769e+00  1.263263409993844837e-02 0.000000000000000000e+00 0.000000000000000000e+00
-2.784741729972499247e+00  0.000000000000000000e+00   7.813422835570684732e+00  7.561308477082798706e-03 0.000000000000000000e+00 0.000000000000000000e+00
-2.809958442178126958e+00  0.000000000000000000e+00   7.920249563409007543e+00  3.088086254404862931e-03 0.000000000000000000e+00 0.000000000000000000e+00
-2.801240971878906638e+00  0.000000000000000000e+00   7.894533162008094074e+00  6.063779368690897301e-03 0.000000000000000000e+00 0.000000000000000000e+00
-2.804174826453631919e+00  0.000000000000000000e+00   7.880942880333767775e+00  2.231405107545550697e-03 0.000000000000000000e+00 0.000000000000000000e+00
-2.818489863002123119e+00  0.000000000000000000e+00   7.963272643479113455e+00  2.440560930852159714e-03 0.000000000000000000e+00 0.000000000000000000e+00
-2.806845995272563066e+00  0.000000000000000000e+00   7.908416732200298505e+00  3.811985978458383700e-03 0.000000000000000000e+00 0.000000000000000000e+00
-2.790319164378967098e+00  0.000000000000000000e+00   7.809381477882945788e+00  3.018340334817627181e-03 0.000000000000000000e+00 0.000000000000000000e+00
-2.804452259716740503e+00  0.000000000000000000e+00   7.882389466940914247e+00  2.217049621279575111e-03 0.000000000000000000e+00 0.000000000000000000e+00
-2.793946644546646763e+00  0.000000000000000000e+00   7.825053017876555828e+00  2.423114433836628598e-03 0.000000000000000000e+00 0.000000000000000000e+00
-2.784009700757323014e+00  0.000000000000000000e+00   7.783602484093663954e+00  4.243800906465294148e-03 0.000000000000000000e+00 0.000000000000000000e+00
-2.783434636902386128e+00  0.000000000000000000e+00   7.772456177093044261e+00  3.220106125508037914e-03 0.000000000000000000e+00 0.000000000000000000e+00
-2.794294437540701725e+00  0.000000000000000000e+00   7.831890553654448084e+00  3.049295819629573891e-03 0.000000000000000000e+00 0.000000000000000000e+00
-2.797807881598906032e+00  0.000000000000000000e+00   7.837295779439391374e+00  1.222172762100899417e-03 0.000000000000000000e+00 0.000000000000000000e+00
-2.795984475929114588e+00  0.000000000000000000e+00   7.825891818814151080e+00  1.069727912066079914e-03 0.000000000000000000e+00 0.000000000000000000e+00
