======================
NOrbitalIdx  64
======================
======================
======================
0 -1.695885123957560747e+00  0.000000000000000000e+00 
1 -2.300564668587510297e+00  0.000000000000000000e+00 
2  4.514331083628475572e-02  0.000000000000000000e+00 
3  7.070023009270206549e-01  0.000000000000000000e+00 
4 -2.884849125755259536e+00  0.000000000000000000e+00 
5  1.539413664786178471e+00  0.000000000000000000e+00 
6 -2.858757090784194155e+00  0.000000000000000000e+00 
7  1.827645925101055946e+00  0.000000000000000000e+00 
8 -2.263934766837768287e+00  0.000000000000000000e+00 
9  7.277300040473436704e-01  0.000000000000000000e+00 
10 -5.965938093794778130e-01  0.000000000000000000e+00 
11  2.001496528064605207e-01  0.000000000000000000e+00 
12  2.659484925225552576e+00  0.000000000000000000e+00 
13 -1.118230767527584185e-01  0.000000000000000000e+00 
14  8.335253810139386932e-01  0.000000000000000000e+00 
15  2.359175528949718714e+00  0.000000000000000000e+00 
16 -4.000000000000000000e+00  0.000000000000000000e+00 
17 -1.822956585563004772e-01  0.000000000000000000e+00 
18 -1.568232198634859298e+00  0.000000000000000000e+00 
19  1.172851580969586305e+00  0.000000000000000000e+00 
20 -1.063803236998028368e+00  0.000000000000000000e+00 
21  3.411087914217476591e-01  0.000000000000000000e+00 
22 -9.545916148900461529e-02  0.000000000000000000e+00 
23 -3.098896714836995026e-01  0.000000000000000000e+00 
24  1.784011414820844799e+00  0.000000000000000000e+00 
25 -1.504357767652392930e+00  0.000000000000000000e+00 
26  2.814979310971478021e+00  0.000000000000000000e+00 
27 -1.854177126861733305e+00  0.000000000000000000e+00 
28  2.843310710238677874e+00  0.000000000000000000e+00 
29 -1.053760488311168420e+00  0.000000000000000000e+00 
30  1.066846298324241493e+00  0.000000000000000000e+00 
31 -6.545409651726333822e-01  0.000000000000000000e+00 
32  1.027534982431671073e+00  0.000000000000000000e+00 
33  3.093817101690905513e-01  0.000000000000000000e+00 
34  7.281306515918636313e-01  0.000000000000000000e+00 
35 -1.133953456797404558e+00  0.000000000000000000e+00 
36 -1.887834804337891192e-01  0.000000000000000000e+00 
37 -2.364868298285701942e-01  0.000000000000000000e+00 
38  1.311933858241133011e-01  0.000000000000000000e+00 
39  1.333292347446454751e-01  0.000000000000000000e+00 
40 -7.151728715173459872e-01  0.000000000000000000e+00 
41  7.202687701177090673e-01  0.000000000000000000e+00 
42 -1.375667349089057634e+00  0.000000000000000000e+00 
43  9.630324308830116031e-01  0.000000000000000000e+00 
44 -1.708745980621827032e+00  0.000000000000000000e+00 
45  9.034734596212291580e-01  0.000000000000000000e+00 
46 -1.314310823298744157e+00  0.000000000000000000e+00 
47  1.070315230633632986e+00  0.000000000000000000e+00 
48  3.243899248078946140e+00  0.000000000000000000e+00 
49 -9.858804424202427530e-01  0.000000000000000000e+00 
50  1.169227108098118972e-01  0.000000000000000000e+00 
51 -1.067273123386986322e+00  0.000000000000000000e+00 
52  1.748942762148493868e+00  0.000000000000000000e+00 
53  1.185599307007356940e+00  0.000000000000000000e+00 
54 -2.351382511885374615e+00  0.000000000000000000e+00 
55  1.435726629592142256e+00  0.000000000000000000e+00 
56 -1.996207255453819052e+00  0.000000000000000000e+00 
57  3.916550783680585734e-01  0.000000000000000000e+00 
58 -1.651015295863597545e-03  0.000000000000000000e+00 
59 -4.548115919641931848e-01  0.000000000000000000e+00 
60  2.538759564282442760e+00  0.000000000000000000e+00 
61 -2.011579527272306045e+00  0.000000000000000000e+00 
62  3.715629855151514338e+00  0.000000000000000000e+00 
63 -2.557589757737779301e+00  0.000000000000000000e+00 
