-3.576978434015120473e-02  0.000000000000000000e+00   5.000863410456980240e+00  3.907520095826724628e+03 0.000000000000000000e+00 0.000000000000000000e+00
-2.119981836684408094e-01  0.000000000000000000e+00   5.199379573837076052e+00  1.146877150989797229e+02 0.000000000000000000e+00 0.000000000000000000e+00
-6.813054519433653367e-01  0.000000000000000000e+00   7.074752677883037855e+00  1.424149379755081135e+01 0.000000000000000000e+00 0.000000000000000000e+00
-8.840556775860198835e-01  0.000000000000000000e+00   5.122204530407376666e+00  5.553867857728666202e+00 0.000000000000000000e+00 0.000000000000000000e+00
-1.188690104211436394e+00  0.000000000000000000e+00   5.972643562837179232e+00  3.226971338845379123e+00 0.000000000000000000e+00 0.000000000000000000e+00
-1.494101915572660033e+00  0.000000000000000000e+00   7.185189538429824552e+00  2.218679869229291945e+00 0.000000000000000000e+00 0.000000000000000000e+00
-1.866799473165432932e+00  0.000000000000000000e+00   7.784158627981342171e+00  1.233656251806114268e+00 0.000000000000000000e+00 0.000000000000000000e+00
-2.215110875944154678e+00  0.000000000000000000e+00   9.337757844038620192e+00  9.030564388218134120e-01 0.000000000000000000e+00 0.000000000000000000e+00
-2.365457466155051147e+00  0.000000000000000000e+00   1.004372857716888667e+01  7.950009434107605522e-01 0.000000000000000000e+00 0.000000000000000000e+00
-2.605461666746608174e+00  0.000000000000000000e+00   1.050403386466061484e+01  5.473435088536329207e-01 0.000000000000000000e+00 0.000000000000000000e+00
-2.854132419866824311e+00  0.000000000000000000e+00   1.161732972176755219e+01  4.261265929114904094e-01 0.000000000000000000e+00 0.000000000000000000e+00
-3.081630639947246841e+00  0.000000000000000000e+00   1.278410357662952457e+01  3.461985347489309750e-01 0.000000000000000000e+00 0.000000000000000000e+00
-3.291517114914063846e+00  0.000000000000000000e+00   1.342001801865412247e+01  2.386849577521737154e-01 0.000000000000000000e+00 0.000000000000000000e+00
-3.409746046570567124e+00  0.000000000000000000e+00   1.454935070194611768e+01  2.514097759655172792e-01 0.000000000000000000e+00 0.000000000000000000e+00
-3.599722034134216653e+00  0.000000000000000000e+00   1.514019425542661779e+01  1.684052899709450601e-01 0.000000000000000000e+00 0.000000000000000000e+00
-3.798543607951469170e+00  0.000000000000000000e+00   1.665996943426494070e+01  1.546223694452373565e-01 0.000000000000000000e+00 0.000000000000000000e+00
-3.953993499852622051e+00  0.000000000000000000e+00   1.787665564655165795e+01  1.434426112146724164e-01 0.000000000000000000e+00 0.000000000000000000e+00
-4.075759777580859833e+00  0.000000000000000000e+00   1.890043737181024497e+01  1.377705703074101062e-01 0.000000000000000000e+00 0.000000000000000000e+00
-4.205018015610093585e+00  0.000000000000000000e+00   1.933145640340894644e+01  9.327357922940181234e-02 0.000000000000000000e+00 0.000000000000000000e+00
-4.229150114138122696e+00  0.000000000000000000e+00   2.010497349336454675e+01  1.240802137624658213e-01 0.000000000000000000e+00 0.000000000000000000e+00
-4.361973167812346119e+00  0.000000000000000000e+00   2.081361464605995693e+01  9.390984285680968602e-02 0.000000000000000000e+00 0.000000000000000000e+00
-4.497664192783612513e+00  0.000000000000000000e+00   2.244750902523776759e+01  1.096706548835183759e-01 0.000000000000000000e+00 0.000000000000000000e+00
-4.753506254990269575e+00  0.000000000000000000e+00   2.459903775729484110e+01  8.865426830767654531e-02 0.000000000000000000e+00 0.000000000000000000e+00
-4.840035406685585961e+00  0.000000000000000000e+00   2.520120869086123250e+01  7.578204953150835532e-02 0.000000000000000000e+00 0.000000000000000000e+00
-4.928152482694192038e+00  0.000000000000000000e+00   2.649675370321204682e+01  9.099910664195130783e-02 0.000000000000000000e+00 0.000000000000000000e+00
-5.070149623199472266e+00  0.000000000000000000e+00   2.756924732785301302e+01  7.246556809578119651e-02 0.000000000000000000e+00 0.000000000000000000e+00
-5.187457058745677863e+00  0.000000000000000000e+00   2.982253866422353639e+01  1.082444904902160193e-01 0.000000000000000000e+00 0.000000000000000000e+00
-5.415508409663034151e+00  0.000000000000000000e+00   3.153892101991720409e+01  7.539586541893282534e-02 0.000000000000000000e+00 0.000000000000000000e+00
-5.545269719930766783e+00  0.000000000000000000e+00   3.254180649158990946e+01  5.826956998213096706e-02 0.000000000000000000e+00 0.000000000000000000e+00
-5.661205017013012153e+00  0.000000000000000000e+00   3.400688995020902183e+01  6.108249582351082951e-02 0.000000000000000000e+00 0.000000000000000000e+00
-5.745846041943072358e+00  0.000000000000000000e+00   3.535439843166802376e+01  7.086686784371305781e-02 0.000000000000000000e+00 0.000000000000000000e+00
-5.939376470377281336e+00  0.000000000000000000e+00   3.753025805428700323e+01  6.389763222355934746e-02 0.000000000000000000e+00 0.000000000000000000e+00
-6.032076711245919043e+00  0.000000000000000000e+00   3.793693449474153567e+01  4.262593302676629531e-02 0.000000000000000000e+00 0.000000000000000000e+00
-6.179292497537509199e+00  0.000000000000000000e+00   3.927120783441743157e+01  2.848213567714568198e-02 0.000000000000000000e+00 0.000000000000000000e+00
-6.289325537807604505e+00  0.000000000000000000e+00   4.081750629487988391e+01  3.190167948027619604e-02 0.000000000000000000e+00 0.000000000000000000e+00
-6.372112725937967959e+00  0.000000000000000000e+00   4.272485147597393507e+01  5.223722430514499138e-02 0.000000000000000000e+00 0.000000000000000000e+00
-6.489587130918174296e+00  0.000000000000000000e+00   4.318915756150484242e+01  2.551164753489030407e-02 0.000000000000000000e+00 0.000000000000000000e+00
-6.516210377563774969e+00  0.000000000000000000e+00   4.344969802101886103e+01  2.328490591981516311e-02 0.000000000000000000e+00 0.000000000000000000e+00
-6.579737545968565193e+00  0.000000000000000000e+00   4.403932013112802224e+01  1.724008235204812708e-02 0.000000000000000000e+00 0.000000000000000000e+00
-6.657854688216302996e+00  0.000000000000000000e+00   4.502007035273532409e+01  1.563473389022087753e-02 0.000000000000000000e+00 0.000000000000000000e+00
-6.723141052178065458e+00  0.000000000000000000e+00   4.589300114469929071e+01  1.531783084663105449e-02 0.000000000000000000e+00 0.000000000000000000e+00
-6.785632915358782213e+00  0.000000000000000000e+00   4.664821678114960690e+01  1.310468358796244501e-02 0.000000000000000000e+00 0.000000000000000000e+00
-6.800351696739183716e+00  0.000000000000000000e+00   4.672044908757400350e+01  1.028582805070349208e-02 0.000000000000000000e+00 0.000000000000000000e+00
-6.874518028648133772e+00  0.000000000000000000e+00   4.767508565596018144e+01  8.804408604701404947e-03 0.000000000000000000e+00 0.000000000000000000e+00
-6.917998114716573888e+00  0.000000000000000000e+00   4.818673924894386573e+01  6.854372308726236485e-03 0.000000000000000000e+00 0.000000000000000000e+00
-6.935460645010937952e+00  0.000000000000000000e+00   4.848061406811665108e+01  7.900100958980820279e-03 0.000000000000000000e+00 0.000000000000000000e+00
-6.952183864541225944e+00  0.000000000000000000e+00   4.864040557365735395e+01  6.363064055697613929e-03 0.000000000000000000e+00 0.000000000000000000e+00
-6.964985207673160872e+00  0.000000000000000000e+00   4.876121577858101830e+01  5.157525876100552825e-03 0.000000000000000000e+00 0.000000000000000000e+00
-6.987423254483490886e+00  0.000000000000000000e+00   4.907399689476854832e+01  5.118645109994742273e-03 0.000000000000000000e+00 0.000000000000000000e+00
-7.022283558396506642e+00  0.000000000000000000e+00   4.950347330675610635e+01  3.873400506466525769e-03 0.000000000000000000e+00 0.000000000000000000e+00
-7.023453694047151252e+00  0.000000000000000000e+00   4.947108593508020391e+01  2.882369918834580980e-03 0.000000000000000000e+00 0.000000000000000000e+00
-7.023190942034063688e+00  0.000000000000000000e+00   4.950407041299828848e+01  3.626125485788234733e-03 0.000000000000000000e+00 0.000000000000000000e+00
-7.051201113552249211e+00  0.000000000000000000e+00   4.983173193801059853e+01  2.258569298067985859e-03 0.000000000000000000e+00 0.000000000000000000e+00
-7.051539703160747408e+00  0.000000000000000000e+00   4.981805445876788241e+01  1.887255109561143370e-03 0.000000000000000000e+00 0.000000000000000000e+00
-7.052704625015593365e+00  0.000000000000000000e+00   4.984502911830318084e+01  2.098617655143387561e-03 0.000000000000000000e+00 0.000000000000000000e+00
-7.059661254480764647e+00  0.000000000000000000e+00   4.992652476798090078e+01  1.759827885053321913e-03 0.000000000000000000e+00 0.000000000000000000e+00
-7.081831243310573676e+00  0.000000000000000000e+00   5.022229391807854171e+01  1.394953217637160021e-03 0.000000000000000000e+00 0.000000000000000000e+00
-7.073011000941774817e+00  0.000000000000000000e+00   5.009424869469989261e+01  1.334547914299369668e-03 0.000000000000000000e+00 0.000000000000000000e+00
-7.077398502807056957e+00  0.000000000000000000e+00   5.013388345376368704e+01  8.846928933651374742e-04 0.000000000000000000e+00 0.000000000000000000e+00
-7.080322961342468524e+00  0.000000000000000000e+00   5.017932917912071389e+01  9.645921290776677268e-04 0.000000000000000000e+00 0.000000000000000000e+00
-7.089332310205366916e+00  0.000000000000000000e+00   5.031545615223649293e+01  1.130622636749092436e-03 0.000000000000000000e+00 0.000000000000000000e+00
-7.084653467535011018e+00  0.000000000000000000e+00   5.024516460687172525e+01  1.052947091079272637e-03 0.000000000000000000e+00 0.000000000000000000e+00
-7.094410625559252281e+00  0.000000000000000000e+00   5.037703145977151564e+01  9.212939740234816653e-04 0.000000000000000000e+00 0.000000000000000000e+00
-7.098842971180030936e+00  0.000000000000000000e+00   5.042674569924967898e+01  6.583016200419764463e-04 0.000000000000000000e+00 0.000000000000000000e+00
-7.095861073463783697e+00  0.000000000000000000e+00   5.038883245677885014e+01  7.465174564728951087e-04 0.000000000000000000e+00 0.000000000000000000e+00
-7.111789851915786720e+00  0.000000000000000000e+00   5.060889673402690647e+01  6.196787542984336355e-04 0.000000000000000000e+00 0.000000000000000000e+00
-7.105784966763223132e+00  0.000000000000000000e+00   5.051820756785330957e+01  5.154773269494010088e-04 0.000000000000000000e+00 0.000000000000000000e+00
-7.105175716465986113e+00  0.000000000000000000e+00   5.051146115420708327e+01  5.534319172551705347e-04 0.000000000000000000e+00 0.000000000000000000e+00
-7.107651703807468024e+00  0.000000000000000000e+00   5.054438277845308392e+01  5.081292539390638548e-04 0.000000000000000000e+00 0.000000000000000000e+00
-7.100725387357543994e+00  0.000000000000000000e+00   5.045170963163477751e+01  6.229356892221878106e-04 0.000000000000000000e+00 0.000000000000000000e+00
-7.113802874369852702e+00  0.000000000000000000e+00   5.063883141031777768e+01  6.449818503170130736e-04 0.000000000000000000e+00 0.000000000000000000e+00
-7.112221512755158237e+00  0.000000000000000000e+00   5.060630953059911263e+01  4.470745794759804878e-04 0.000000000000000000e+00 0.000000000000000000e+00
-7.116014656192692911e+00  0.000000000000000000e+00   5.065925841401195129e+01  4.264380484131016650e-04 0.000000000000000000e+00 0.000000000000000000e+00
-7.113605058294729666e+00  0.000000000000000000e+00   5.062509307646145373e+01  4.291443058653621277e-04 0.000000000000000000e+00 0.000000000000000000e+00
-7.111357138463679561e+00  0.000000000000000000e+00   5.059062022880581111e+01  3.800542973728850550e-04 0.000000000000000000e+00 0.000000000000000000e+00
-7.117469825446036680e+00  0.000000000000000000e+00   5.068155625638616613e+01  4.575657917586672019e-04 0.000000000000000000e+00 0.000000000000000000e+00
-7.116831836658547239e+00  0.000000000000000000e+00   5.066628346870825084e+01  3.354059972669039226e-04 0.000000000000000000e+00 0.000000000000000000e+00
-7.117463667109366732e+00  0.000000000000000000e+00   5.067289082932870770e+01  2.882406212263215152e-04 0.000000000000000000e+00 0.000000000000000000e+00
-7.121779741275212849e+00  0.000000000000000000e+00   5.073278917763378359e+01  2.571482558302721805e-04 0.000000000000000000e+00 0.000000000000000000e+00
-7.121721095154178727e+00  0.000000000000000000e+00   5.073886384844536934e+01  3.933935241794001003e-04 0.000000000000000000e+00 0.000000000000000000e+00
-7.114278238248822994e+00  0.000000000000000000e+00   5.063061762313120795e+01  3.489772917299706822e-04 0.000000000000000000e+00 0.000000000000000000e+00
-7.120144441881476993e+00  0.000000000000000000e+00   5.070988287485182155e+01  2.648311622584615895e-04 0.000000000000000000e+00 0.000000000000000000e+00
-7.130110020059572840e+00  0.000000000000000000e+00   5.085248190584375294e+01  2.756378780388859195e-04 0.000000000000000000e+00 0.000000000000000000e+00
-7.124894055262640080e+00  0.000000000000000000e+00   5.078031957314889411e+01  3.192072655385047673e-04 0.000000000000000000e+00 0.000000000000000000e+00
-7.126969584119471790e+00  0.000000000000000000e+00   5.080653068356060942e+01  2.526933801935128633e-04 0.000000000000000000e+00 0.000000000000000000e+00
-7.126699677270647904e+00  0.000000000000000000e+00   5.080515851249882076e+01  3.014425717879847086e-04 0.000000000000000000e+00 0.000000000000000000e+00
-7.132356825892167684e+00  0.000000000000000000e+00   5.088525137020526046e+01  2.897057101878799858e-04 0.000000000000000000e+00 0.000000000000000000e+00
-7.119894821185341449e+00  0.000000000000000000e+00   5.070374457897045062e+01  2.138822940533306315e-04 0.000000000000000000e+00 0.000000000000000000e+00
-7.127675316784753079e+00  0.000000000000000000e+00   5.081402646520983524e+01  2.021709541349970825e-04 0.000000000000000000e+00 0.000000000000000000e+00
-7.125928071900848870e+00  0.000000000000000000e+00   5.078765826257600224e+01  1.734457656642365928e-04 0.000000000000000000e+00 0.000000000000000000e+00
-7.125736585731931250e+00  0.000000000000000000e+00   5.078575915316454825e+01  1.897991332817956919e-04 0.000000000000000000e+00 0.000000000000000000e+00
-7.125548896119448194e+00  0.000000000000000000e+00   5.078410412749372682e+01  2.098942876527745043e-04 0.000000000000000000e+00 0.000000000000000000e+00
-7.124426548744093424e+00  0.000000000000000000e+00   5.077023619078464378e+01  2.518357682696342205e-04 0.000000000000000000e+00 0.000000000000000000e+00
-7.131919640865622689e+00  0.000000000000000000e+00   5.087360870883328801e+01  1.834479025101392886e-04 0.000000000000000000e+00 0.000000000000000000e+00
-7.127454853167711768e+00  0.000000000000000000e+00   5.080799539463636449e+01  1.453271978889052402e-04 0.000000000000000000e+00 0.000000000000000000e+00
-7.132468885207401854e+00  0.000000000000000000e+00   5.088065085822292843e+01  1.678416595782865003e-04 0.000000000000000000e+00 0.000000000000000000e+00
-7.126471452138931184e+00  0.000000000000000000e+00   5.079788346287435985e+01  2.222654352706197325e-04 0.000000000000000000e+00 0.000000000000000000e+00
-7.130433313491952418e+00  0.000000000000000000e+00   5.085173485104500912e+01  1.702417127145594198e-04 0.000000000000000000e+00 0.000000000000000000e+00
-7.131091123022590850e+00  0.000000000000000000e+00   5.085972740466039710e+01  1.428996694038112060e-04 0.000000000000000000e+00 0.000000000000000000e+00
-7.136966397072637136e+00  0.000000000000000000e+00   5.095189373883229678e+01  3.063510531792338655e-04 0.000000000000000000e+00 0.000000000000000000e+00
-7.129275251123550206e+00  0.000000000000000000e+00   5.083263884644426156e+01  1.194894852535095689e-04 0.000000000000000000e+00 0.000000000000000000e+00
-7.133016015802806642e+00  0.000000000000000000e+00   5.088686098607543329e+01  1.364684677129537568e-04 0.000000000000000000e+00 0.000000000000000000e+00
-7.136481871801642285e+00  0.000000000000000000e+00   5.093667613522916326e+01  1.433873651469294585e-04 0.000000000000000000e+00 0.000000000000000000e+00
-7.131910242188421734e+00  0.000000000000000000e+00   5.087013960616874897e+01  1.178807525334565594e-04 0.000000000000000000e+00 0.000000000000000000e+00
-7.135910918012534410e+00  0.000000000000000000e+00   5.092718482867908847e+01  1.170474377222761018e-04 0.000000000000000000e+00 0.000000000000000000e+00
-7.133724217351701036e+00  0.000000000000000000e+00   5.089538363465190685e+01  1.053728274098779784e-04 0.000000000000000000e+00 0.000000000000000000e+00
-7.132911452185814127e+00  0.000000000000000000e+00   5.088453562990246581e+01  1.200871505887044876e-04 0.000000000000000000e+00 0.000000000000000000e+00
-7.136837130134730423e+00  0.000000000000000000e+00   5.094136837796650497e+01  1.359425041840107919e-04 0.000000000000000000e+00 0.000000000000000000e+00
-7.130514636324435607e+00  0.000000000000000000e+00   5.085560931432600995e+01  2.236307537958175660e-04 0.000000000000000000e+00 0.000000000000000000e+00
-7.133723631123642051e+00  0.000000000000000000e+00   5.089635507973512318e+01  1.246263093414314807e-04 0.000000000000000000e+00 0.000000000000000000e+00
-7.138834612918572020e+00  0.000000000000000000e+00   5.097152214230909095e+01  1.680144121710104512e-04 0.000000000000000000e+00 0.000000000000000000e+00
-7.136434787623023190e+00  0.000000000000000000e+00   5.093385064017136443e+01  1.011053104804736217e-04 0.000000000000000000e+00 0.000000000000000000e+00
-7.133216960986684008e+00  0.000000000000000000e+00   5.088760496535262945e+01  9.474231646581489309e-05 0.000000000000000000e+00 0.000000000000000000e+00
-7.135778193757873034e+00  0.000000000000000000e+00   5.092447251774044759e+01  1.009849734197527563e-04 0.000000000000000000e+00 0.000000000000000000e+00
-7.137750625707761643e+00  0.000000000000000000e+00   5.095316108016995571e+01  1.114301420458016029e-04 0.000000000000000000e+00 0.000000000000000000e+00
-7.137409726713326741e+00  0.000000000000000000e+00   5.094667478340196709e+01  7.964208771648504336e-05 0.000000000000000000e+00 0.000000000000000000e+00
-7.137129341131914551e+00  0.000000000000000000e+00   5.094308562762033432e+01  8.776044566375889428e-05 0.000000000000000000e+00 0.000000000000000000e+00
-7.137259272196679660e+00  0.000000000000000000e+00   5.094426225425961263e+01  7.444642164079168342e-05 0.000000000000000000e+00 0.000000000000000000e+00
-7.134057314970200459e+00  0.000000000000000000e+00   5.090101374315408123e+01  1.226053170420841507e-04 0.000000000000000000e+00 0.000000000000000000e+00
-7.137754220455385656e+00  0.000000000000000000e+00   5.095171760646797310e+01  8.209022897224872207e-05 0.000000000000000000e+00 0.000000000000000000e+00
-7.137995731020035706e+00  0.000000000000000000e+00   5.095528094153875287e+01  8.435333767302681182e-05 0.000000000000000000e+00 0.000000000000000000e+00
-7.135925087986765725e+00  0.000000000000000000e+00   5.092582068057436828e+01  8.628625484906289394e-05 0.000000000000000000e+00 0.000000000000000000e+00
-7.133237356423764552e+00  0.000000000000000000e+00   5.088919059843478720e+01  1.201856478462753392e-04 0.000000000000000000e+00 0.000000000000000000e+00
-7.135990966077566888e+00  0.000000000000000000e+00   5.092662264177943143e+01  8.356983549302586392e-05 0.000000000000000000e+00 0.000000000000000000e+00
-7.137488846454232316e+00  0.000000000000000000e+00   5.094729230742177606e+01  6.959193953467853681e-05 0.000000000000000000e+00 0.000000000000000000e+00
-7.138868734697903840e+00  0.000000000000000000e+00   5.096648137412650925e+01  5.954390978491867499e-05 0.000000000000000000e+00 0.000000000000000000e+00
-7.136294383362362659e+00  0.000000000000000000e+00   5.093116465258221126e+01  8.771679276322751247e-05 0.000000000000000000e+00 0.000000000000000000e+00
-7.138363669928368793e+00  0.000000000000000000e+00   5.095959875385563720e+01  6.599525345776564736e-05 0.000000000000000000e+00 0.000000000000000000e+00
-7.133701730938883045e+00  0.000000000000000000e+00   5.089284270692026269e+01  6.174767970757755219e-05 0.000000000000000000e+00 0.000000000000000000e+00
-7.137676471253927346e+00  0.000000000000000000e+00   5.094886152373382515e+01  4.781720056679768048e-05 0.000000000000000000e+00 0.000000000000000000e+00
-7.138275701846959365e+00  0.000000000000000000e+00   5.095849632144931007e+01  6.900848299639129597e-05 0.000000000000000000e+00 0.000000000000000000e+00
-7.133435186932597816e+00  0.000000000000000000e+00   5.089122029239412370e+01  1.046012054537921054e-04 0.000000000000000000e+00 0.000000000000000000e+00
-7.138382556127125689e+00  0.000000000000000000e+00   5.095966648511838315e+01  6.203265836690262608e-05 0.000000000000000000e+00 0.000000000000000000e+00
-7.137939455593310889e+00  0.000000000000000000e+00   5.095401142966680652e+01  7.520597524414989095e-05 0.000000000000000000e+00 0.000000000000000000e+00
-7.140198553788065006e+00  0.000000000000000000e+00   5.098509583684307245e+01  5.218364532161551934e-05 0.000000000000000000e+00 0.000000000000000000e+00
-7.134992735701405131e+00  0.000000000000000000e+00   5.091062622875372057e+01  4.920413827973358901e-05 0.000000000000000000e+00 0.000000000000000000e+00
-7.131894530611475602e+00  0.000000000000000000e+00   5.086794248270416574e+01  7.909117052438307182e-05 0.000000000000000000e+00 0.000000000000000000e+00
-7.140216177063772207e+00  0.000000000000000000e+00   5.098517857946750809e+01  4.887000682441214067e-05 0.000000000000000000e+00 0.000000000000000000e+00
-7.136356624192417897e+00  0.000000000000000000e+00   5.093014838192744520e+01  5.031682198916688156e-05 0.000000000000000000e+00 0.000000000000000000e+00
-7.141266118111471606e+00  0.000000000000000000e+00   5.099973257909223179e+01  4.021377706164398302e-05 0.000000000000000000e+00 0.000000000000000000e+00
-7.142122082562529783e+00  0.000000000000000000e+00   5.101197443488273109e+01  4.051355399023716467e-05 0.000000000000000000e+00 0.000000000000000000e+00
-7.141612171675477683e+00  0.000000000000000000e+00   5.100512942737028510e+01  4.911544799702136327e-05 0.000000000000000000e+00 0.000000000000000000e+00
-7.135911028914848409e+00  0.000000000000000000e+00   5.092494362352715598e+01  7.300317009383915209e-05 0.000000000000000000e+00 0.000000000000000000e+00
-7.138125606035170101e+00  0.000000000000000000e+00   5.095668050612984956e+01  7.542933443031747665e-05 0.000000000000000000e+00 0.000000000000000000e+00
-7.139481042397116894e+00  0.000000000000000000e+00   5.097518741653497187e+01  5.881367493406866365e-05 0.000000000000000000e+00 0.000000000000000000e+00
-7.136998911962839642e+00  0.000000000000000000e+00   5.093894585462091840e+01  4.304132306903752910e-05 0.000000000000000000e+00 0.000000000000000000e+00
-7.136519856906612169e+00  0.000000000000000000e+00   5.093947445775376082e+01  1.876851670773130201e-04 0.000000000000000000e+00 0.000000000000000000e+00
-7.140680699596844150e+00  0.000000000000000000e+00   5.099176729210707038e+01  4.797942924595796057e-05 0.000000000000000000e+00 0.000000000000000000e+00
-7.141465307689555786e+00  0.000000000000000000e+00   5.100254101803240303e+01  3.949522147397269319e-05 0.000000000000000000e+00 0.000000000000000000e+00
-7.141259037048020453e+00  0.000000000000000000e+00   5.099935491696237477e+01  3.479150815171581413e-05 0.000000000000000000e+00 0.000000000000000000e+00
-7.138383548089612063e+00  0.000000000000000000e+00   5.095986204366462147e+01  6.559247078094750159e-05 0.000000000000000000e+00 0.000000000000000000e+00
-7.142518221011859403e+00  0.000000000000000000e+00   5.101727080276572934e+01  3.340676963888677259e-05 0.000000000000000000e+00 0.000000000000000000e+00
-7.140844062752385035e+00  0.000000000000000000e+00   5.099352141777366398e+01  3.662342920460388319e-05 0.000000000000000000e+00 0.000000000000000000e+00
-7.140790829984275057e+00  0.000000000000000000e+00   5.099253623925157797e+01  3.221284322743984762e-05 0.000000000000000000e+00 0.000000000000000000e+00
-7.141451885137906963e+00  0.000000000000000000e+00   5.100210011619255823e+01  3.460935015098204830e-05 0.000000000000000000e+00 0.000000000000000000e+00
-7.137422278736099912e+00  0.000000000000000000e+00   5.094570599324160298e+01  5.710735230065614387e-05 0.000000000000000000e+00 0.000000000000000000e+00
-7.140635783955260329e+00  0.000000000000000000e+00   5.099055273467492810e+01  3.674022537262889519e-05 0.000000000000000000e+00 0.000000000000000000e+00
-7.138750313721190288e+00  0.000000000000000000e+00   5.096690267093376292e+01  1.009900301545082785e-04 0.000000000000000000e+00 0.000000000000000000e+00
-7.139249627336083925e+00  0.000000000000000000e+00   5.097035892705876847e+01  2.891343676393246095e-05 0.000000000000000000e+00 0.000000000000000000e+00
-7.140904983124423566e+00  0.000000000000000000e+00   5.099454113644831921e+01  3.955792496108484447e-05 0.000000000000000000e+00 0.000000000000000000e+00
-7.142702825924086341e+00  0.000000000000000000e+00   5.102067181912686067e+01  4.837801972422596546e-05 0.000000000000000000e+00 0.000000000000000000e+00
-7.139188717517372496e+00  0.000000000000000000e+00   5.096933652019467331e+01  2.591774180772167692e-05 0.000000000000000000e+00 0.000000000000000000e+00
-7.141711376750611073e+00  0.000000000000000000e+00   5.100536316067297093e+01  2.591504178636121786e-05 0.000000000000000000e+00 0.000000000000000000e+00
-7.140290359666974673e+00  0.000000000000000000e+00   5.098794040849919895e+01  8.226127816274516095e-05 0.000000000000000000e+00 0.000000000000000000e+00
-7.139756240257668196e+00  0.000000000000000000e+00   5.097798952845140974e+01  3.669086983358142695e-05 0.000000000000000000e+00 0.000000000000000000e+00
-7.143325689667226364e+00  0.000000000000000000e+00   5.103265860501778661e+01  1.088969616181879326e-04 0.000000000000000000e+00 0.000000000000000000e+00
-7.137894190890005319e+00  0.000000000000000000e+00   5.095222634166190545e+01  5.285350299947723797e-05 0.000000000000000000e+00 0.000000000000000000e+00
-7.141835532976737788e+00  0.000000000000000000e+00   5.100927936649124916e+01  6.792532218261471827e-05 0.000000000000000000e+00 0.000000000000000000e+00
-7.140904172853737464e+00  0.000000000000000000e+00   5.099422389665938482e+01  3.356357038932994901e-05 0.000000000000000000e+00 0.000000000000000000e+00
-7.139111218383795254e+00  0.000000000000000000e+00   5.096976756627631033e+01  5.608693718512783386e-05 0.000000000000000000e+00 0.000000000000000000e+00
-7.137327955237148025e+00  0.000000000000000000e+00   5.094990712240371522e+01  1.660098355559063137e-04 0.000000000000000000e+00 0.000000000000000000e+00
-7.142616985875965163e+00  0.000000000000000000e+00   5.101842845730064369e+01  2.844249993904341710e-05 0.000000000000000000e+00 0.000000000000000000e+00
-7.143431188074845117e+00  0.000000000000000000e+00   5.102996276491307270e+01  2.652680869661210334e-05 0.000000000000000000e+00 0.000000000000000000e+00
-7.140582248355467954e+00  0.000000000000000000e+00   5.098938689152009118e+01  2.887048814054199493e-05 0.000000000000000000e+00 0.000000000000000000e+00
-7.143138915242752240e+00  0.000000000000000000e+00   5.102749533103997237e+01  6.000592992031824485e-05 0.000000000000000000e+00 0.000000000000000000e+00
-7.141103945794002428e+00  0.000000000000000000e+00   5.099774437988472187e+01  4.664767520960876084e-05 0.000000000000000000e+00 0.000000000000000000e+00
-7.142015336921548219e+00  0.000000000000000000e+00   5.100957086563829534e+01  2.328622755953780964e-05 0.000000000000000000e+00 0.000000000000000000e+00
-7.138601651647224600e+00  0.000000000000000000e+00   5.096154587026114768e+01  3.752635621151284123e-05 0.000000000000000000e+00 0.000000000000000000e+00
-7.140964053453865645e+00  0.000000000000000000e+00   5.099464114095217582e+01  2.497438964190029620e-05 0.000000000000000000e+00 0.000000000000000000e+00
-7.139867406538835226e+00  0.000000000000000000e+00   5.098065986897999835e+01  5.793289306967189863e-05 0.000000000000000000e+00 0.000000000000000000e+00
-7.140756251877701466e+00  0.000000000000000000e+00   5.099363659456982134e+01  6.347755359729299581e-05 0.000000000000000000e+00 0.000000000000000000e+00
-7.142584922542765113e+00  0.000000000000000000e+00   5.101776688834132756e+01  2.445311090127730522e-05 0.000000000000000000e+00 0.000000000000000000e+00
-7.139257714413731470e+00  0.000000000000000000e+00   5.097046378613186590e+01  2.870515990951513769e-05 0.000000000000000000e+00 0.000000000000000000e+00
-7.141818452698058373e+00  0.000000000000000000e+00   5.100754443335565469e+01  3.869424507503524310e-05 0.000000000000000000e+00 0.000000000000000000e+00
-7.141710702310420267e+00  0.000000000000000000e+00   5.100539304065708990e+01  2.668975598669090618e-05 0.000000000000000000e+00 0.000000000000000000e+00
-7.141149993891557912e+00  0.000000000000000000e+00   5.099748903227506247e+01  2.874335927928350800e-05 0.000000000000000000e+00 0.000000000000000000e+00
-7.141410871278113248e+00  0.000000000000000000e+00   5.100062924422827848e+01  1.725521855109757866e-05 0.000000000000000000e+00 0.000000000000000000e+00
-7.142081116375104344e+00  0.000000000000000000e+00   5.101062695440877803e+01  2.556947355063761562e-05 0.000000000000000000e+00 0.000000000000000000e+00
-7.140530895556752355e+00  0.000000000000000000e+00   5.098854157315656721e+01  2.667538618195950301e-05 0.000000000000000000e+00 0.000000000000000000e+00
-7.142650362452871882e+00  0.000000000000000000e+00   5.101857651359441093e+01  2.199861525561283990e-05 0.000000000000000000e+00 0.000000000000000000e+00
-7.139788532649362196e+00  0.000000000000000000e+00   5.097756141756847370e+01  1.924661504442405649e-05 0.000000000000000000e+00 0.000000000000000000e+00
-7.141664118747963919e+00  0.000000000000000000e+00   5.100447554130858663e+01  2.174672722747889069e-05 0.000000000000000000e+00 0.000000000000000000e+00
-7.142299526666324283e+00  0.000000000000000000e+00   5.101363325098349577e+01  2.334180263619030512e-05 0.000000000000000000e+00 0.000000000000000000e+00
-7.142013688101017443e+00  0.000000000000000000e+00   5.100961283417056080e+01  2.457074016945667060e-05 0.000000000000000000e+00 0.000000000000000000e+00
-7.142830829933973114e+00  0.000000000000000000e+00   5.102122120988374832e+01  2.330349032948957628e-05 0.000000000000000000e+00 0.000000000000000000e+00
-7.141652969459422629e+00  0.000000000000000000e+00   5.100437954487388481e+01  2.298696005858552090e-05 0.000000000000000000e+00 0.000000000000000000e+00
-7.140083859615578454e+00  0.000000000000000000e+00   5.098211003335566005e+01  2.574520361687110054e-05 0.000000000000000000e+00 0.000000000000000000e+00
-7.142675365286988765e+00  0.000000000000000000e+00   5.101953452143222734e+01  3.377541113982773677e-05 0.000000000000000000e+00 0.000000000000000000e+00
-7.143792106917717710e+00  0.000000000000000000e+00   5.103691108191677017e+01  6.163399889825047591e-05 0.000000000000000000e+00 0.000000000000000000e+00
-7.143092394283536706e+00  0.000000000000000000e+00   5.102482788057292851e+01  2.075360804080576059e-05 0.000000000000000000e+00 0.000000000000000000e+00
-7.141371512915730690e+00  0.000000000000000000e+00   5.100034595574125262e+01  2.272330841263143448e-05 0.000000000000000000e+00 0.000000000000000000e+00
-7.140220491926364765e+00  0.000000000000000000e+00   5.098395764557302812e+01  2.371335950516634689e-05 0.000000000000000000e+00 0.000000000000000000e+00
-7.140391199765537600e+00  0.000000000000000000e+00   5.098660680642176857e+01  2.785751765433505444e-05 0.000000000000000000e+00 0.000000000000000000e+00
-7.141550932749692215e+00  0.000000000000000000e+00   5.100302750321071699e+01  2.505361403495788163e-05 0.000000000000000000e+00 0.000000000000000000e+00
-7.139774441073957867e+00  0.000000000000000000e+00   5.097863682351808023e+01  4.429020158642893023e-05 0.000000000000000000e+00 0.000000000000000000e+00
-7.143042214773487331e+00  0.000000000000000000e+00   5.102440705726796466e+01  2.655613838340108678e-05 0.000000000000000000e+00 0.000000000000000000e+00
-7.141340418771413567e+00  0.000000000000000000e+00   5.099962429790096508e+01  1.728123226682661752e-05 0.000000000000000000e+00 0.000000000000000000e+00
-7.141140592039906032e+00  0.000000000000000000e+00   5.099683097937666787e+01  1.847254976642262800e-05 0.000000000000000000e+00 0.000000000000000000e+00
-7.141636694202143865e+00  0.000000000000000000e+00   5.100409575105750548e+01  2.198066073965466359e-05 0.000000000000000000e+00 0.000000000000000000e+00
-7.139812338485987731e+00  0.000000000000000000e+00   5.098302284764248071e+01  1.197133686841115577e-04 0.000000000000000000e+00 0.000000000000000000e+00
-7.141512343236659177e+00  0.000000000000000000e+00   5.100244454071967937e+01  2.443064385897621393e-05 0.000000000000000000e+00 0.000000000000000000e+00
-7.142598528955698356e+00  0.000000000000000000e+00   5.101757216905409820e+01  1.682631339736155045e-05 0.000000000000000000e+00 0.000000000000000000e+00
-7.140846883926368349e+00  0.000000000000000000e+00   5.099264584670693523e+01  1.866239277934903898e-05 0.000000000000000000e+00 0.000000000000000000e+00
-7.139891230876279415e+00  0.000000000000000000e+00   5.097943306390782681e+01  2.719357156966390832e-05 0.000000000000000000e+00 0.000000000000000000e+00
-7.141066939420777970e+00  0.000000000000000000e+00   5.099599481335768303e+01  2.270386840325607612e-05 0.000000000000000000e+00 0.000000000000000000e+00
-7.141347266517512615e+00  0.000000000000000000e+00   5.100040677216978935e+01  3.070640721747019378e-05 0.000000000000000000e+00 0.000000000000000000e+00
-7.140238806893286494e+00  0.000000000000000000e+00   5.098421713905831609e+01  2.367297631612391693e-05 0.000000000000000000e+00 0.000000000000000000e+00
-7.144111042485564944e+00  0.000000000000000000e+00   5.104114269821410943e+01  5.525477145330020417e-05 0.000000000000000000e+00 0.000000000000000000e+00
-7.140486999628861575e+00  0.000000000000000000e+00   5.098734988677754387e+01  1.559813003895800412e-05 0.000000000000000000e+00 0.000000000000000000e+00
-7.142723546299639459e+00  0.000000000000000000e+00   5.101956361899490133e+01  2.085439867336606257e-05 0.000000000000000000e+00 0.000000000000000000e+00
-7.140948736023278620e+00  0.000000000000000000e+00   5.099447365749595207e+01  2.598009758867480723e-05 0.000000000000000000e+00 0.000000000000000000e+00
-7.142940328771656411e+00  0.000000000000000000e+00   5.102450317425124382e+01  5.696869670485600520e-05 0.000000000000000000e+00 0.000000000000000000e+00
-7.141904046360371794e+00  0.000000000000000000e+00   5.100839665898825359e+01  3.143211840037383542e-05 0.000000000000000000e+00 0.000000000000000000e+00
-7.141623201477363736e+00  0.000000000000000000e+00   5.100367681295532662e+01  1.754533853430012981e-05 0.000000000000000000e+00 0.000000000000000000e+00
-7.143975323897310048e+00  0.000000000000000000e+00   5.103785245769427803e+01  2.878396042036127398e-05 0.000000000000000000e+00 0.000000000000000000e+00
-7.141850683230152264e+00  0.000000000000000000e+00   5.100716966704388966e+01  2.232060527983613290e-05 0.000000000000000000e+00 0.000000000000000000e+00
-7.142034889066820824e+00  0.000000000000000000e+00   5.100993712193201191e+01  2.499115298064922769e-05 0.000000000000000000e+00 0.000000000000000000e+00
-7.140687125489123765e+00  0.000000000000000000e+00   5.099017695819809859e+01  1.499005445715209252e-05 0.000000000000000000e+00 0.000000000000000000e+00
-7.140806594261413842e+00  0.000000000000000000e+00   5.099190103959921316e+01  1.534037632576583986e-05 0.000000000000000000e+00 0.000000000000000000e+00
-7.140052001040092300e+00  0.000000000000000000e+00   5.098112659026941174e+01  1.537872586070249782e-05 0.000000000000000000e+00 0.000000000000000000e+00
-7.141779415542870879e+00  0.000000000000000000e+00   5.100594618458507057e+01  1.829161986825545750e-05 0.000000000000000000e+00 0.000000000000000000e+00
-7.138839842958630832e+00  0.000000000000000000e+00   5.096571508380010584e+01  5.260244848330710739e-05 0.000000000000000000e+00 0.000000000000000000e+00
-7.141389456505701006e+00  0.000000000000000000e+00   5.100020552601394996e+01  1.494440866024726002e-05 0.000000000000000000e+00 0.000000000000000000e+00
-7.141848345030176404e+00  0.000000000000000000e+00   5.100678179329707973e+01  1.537093520131603623e-05 0.000000000000000000e+00 0.000000000000000000e+00
-7.140619482038910171e+00  0.000000000000000000e+00   5.099015845256941049e+01  3.357359186938042275e-05 0.000000000000000000e+00 0.000000000000000000e+00
-7.141675007695941879e+00  0.000000000000000000e+00   5.100459906976402635e+01  2.111921245319610372e-05 0.000000000000000000e+00 0.000000000000000000e+00
-7.141264640075451808e+00  0.000000000000000000e+00   5.099840770689972658e+01  1.464865835202082403e-05 0.000000000000000000e+00 0.000000000000000000e+00
-7.141874797555757048e+00  0.000000000000000000e+00   5.100746178410521026e+01  2.129459562334000677e-05 0.000000000000000000e+00 0.000000000000000000e+00
-7.142418695529540784e+00  0.000000000000000000e+00   5.101499291241087519e+01  1.662460801659153763e-05 0.000000000000000000e+00 0.000000000000000000e+00
-7.142979774966340401e+00  0.000000000000000000e+00   5.102325958543624296e+01  2.154984925449017380e-05 0.000000000000000000e+00 0.000000000000000000e+00
-7.142470638958966056e+00  0.000000000000000000e+00   5.101608806842959609e+01  2.354685295563502774e-05 0.000000000000000000e+00 0.000000000000000000e+00
-7.141730584005144600e+00  0.000000000000000000e+00   5.100572799356574905e+01  2.768901084050484336e-05 0.000000000000000000e+00 0.000000000000000000e+00
-7.142570734396399779e+00  0.000000000000000000e+00   5.101724866337923459e+01  1.826802842046353499e-05 0.000000000000000000e+00 0.000000000000000000e+00
-7.140922247938148004e+00  0.000000000000000000e+00   5.099348654365543609e+01  1.404106012845098863e-05 0.000000000000000000e+00 0.000000000000000000e+00
-7.142892114168205353e+00  0.000000000000000000e+00   5.102257013306534361e+01  3.258229796694616141e-05 0.000000000000000000e+00 0.000000000000000000e+00
-7.140190448796130518e+00  0.000000000000000000e+00   5.098335461184742456e+01  2.030050368724498077e-05 0.000000000000000000e+00 0.000000000000000000e+00
-7.143054363046327460e+00  0.000000000000000000e+00   5.102403854964699548e+01  1.593227793282031235e-05 0.000000000000000000e+00 0.000000000000000000e+00
-7.143296191426779629e+00  0.000000000000000000e+00   5.102754951973651742e+01  1.703111540931906436e-05 0.000000000000000000e+00 0.000000000000000000e+00
-7.144173299875631322e+00  0.000000000000000000e+00   5.104027809203379462e+01  2.088498887931251020e-05 0.000000000000000000e+00 0.000000000000000000e+00
-7.143786139475563068e+00  0.000000000000000000e+00   5.103467828574476073e+01  1.955334543070374239e-05 0.000000000000000000e+00 0.000000000000000000e+00
-7.142837817114661370e+00  0.000000000000000000e+00   5.102085309495594601e+01  1.413193818177070900e-05 0.000000000000000000e+00 0.000000000000000000e+00
-7.141627578822719258e+00  0.000000000000000000e+00   5.100378017285257926e+01  1.834600130569775795e-05 0.000000000000000000e+00 0.000000000000000000e+00
-7.143437369209259202e+00  0.000000000000000000e+00   5.102950345696130086e+01  1.579521301363766045e-05 0.000000000000000000e+00 0.000000000000000000e+00
-7.142187347123074126e+00  0.000000000000000000e+00   5.101154226161577299e+01  1.376492152333532209e-05 0.000000000000000000e+00 0.000000000000000000e+00
-7.141327174351283169e+00  0.000000000000000000e+00   5.099941182425264685e+01  1.682426383582001959e-05 0.000000000000000000e+00 0.000000000000000000e+00
-7.142358078678103794e+00  0.000000000000000000e+00   5.101439146485406440e+01  2.180884701303815339e-05 0.000000000000000000e+00 0.000000000000000000e+00
-7.143127671724228023e+00  0.000000000000000000e+00   5.102504227833553330e+01  1.507799599863892413e-05 0.000000000000000000e+00 0.000000000000000000e+00
-7.144204425610165998e+00  0.000000000000000000e+00   5.104062724891882397e+01  1.901215780737720897e-05 0.000000000000000000e+00 0.000000000000000000e+00
-7.139479353143878271e+00  0.000000000000000000e+00   5.097797243774756737e+01  1.139249967192118064e-04 0.000000000000000000e+00 0.000000000000000000e+00
-7.144162214662940436e+00  0.000000000000000000e+00   5.104103749739859097e+01  3.886725625127636179e-05 0.000000000000000000e+00 0.000000000000000000e+00
-7.140738604289595060e+00  0.000000000000000000e+00   5.099070632869823072e+01  1.095336904194921123e-05 0.000000000000000000e+00 0.000000000000000000e+00
-7.142611776120898703e+00  0.000000000000000000e+00   5.101765018464499946e+01  1.464613138682756684e-05 0.000000000000000000e+00 0.000000000000000000e+00
-7.142105489006727481e+00  0.000000000000000000e+00   5.101056803837688136e+01  1.758925832102527651e-05 0.000000000000000000e+00 0.000000000000000000e+00
-7.143209661584313253e+00  0.000000000000000000e+00   5.102622300654621768e+01  1.526174256563244907e-05 0.000000000000000000e+00 0.000000000000000000e+00
-7.141120679377360503e+00  0.000000000000000000e+00   5.099625129021605119e+01  1.268212801262497019e-05 0.000000000000000000e+00 0.000000000000000000e+00
-7.143258910692343200e+00  0.000000000000000000e+00   5.102689985298060549e+01  1.473730286339246618e-05 0.000000000000000000e+00 0.000000000000000000e+00
-7.142740865088864410e+00  0.000000000000000000e+00   5.102025617843549554e+01  2.957957048872296907e-05 0.000000000000000000e+00 0.000000000000000000e+00
-7.142688818386804250e+00  0.000000000000000000e+00   5.101893408219986981e+01  1.823916710031676437e-05 0.000000000000000000e+00 0.000000000000000000e+00
-7.142461852402965050e+00  0.000000000000000000e+00   5.101562075275638364e+01  1.684688318971539335e-05 0.000000000000000000e+00 0.000000000000000000e+00
-7.138860078528531439e+00  0.000000000000000000e+00   5.096565440239754707e+01  4.574233864333620902e-05 0.000000000000000000e+00 0.000000000000000000e+00
-7.143451181973096809e+00  0.000000000000000000e+00   5.103030528864536564e+01  2.764119070881068031e-05 0.000000000000000000e+00 0.000000000000000000e+00
-7.142870980383271728e+00  0.000000000000000000e+00   5.102139467300495568e+01  1.546101992423259920e-05 0.000000000000000000e+00 0.000000000000000000e+00
-7.142709123047555231e+00  0.000000000000000000e+00   5.101941728867941350e+01  2.202488819173013972e-05 0.000000000000000000e+00 0.000000000000000000e+00
-7.142672535081240781e+00  0.000000000000000000e+00   5.101866361853205234e+01  1.749733694090390774e-05 0.000000000000000000e+00 0.000000000000000000e+00
-7.140735004087077620e+00  0.000000000000000000e+00   5.099091890346478806e+01  1.613067886525020112e-05 0.000000000000000000e+00 0.000000000000000000e+00
-7.143146321729890502e+00  0.000000000000000000e+00   5.102565383160429491e+01  2.184160748359331562e-05 0.000000000000000000e+00 0.000000000000000000e+00
-7.140170035611508759e+00  0.000000000000000000e+00   5.098340618576337846e+01  2.703008038855147794e-05 0.000000000000000000e+00 0.000000000000000000e+00
-7.142396670931494995e+00  0.000000000000000000e+00   5.101503921022769106e+01  2.369955930646651233e-05 0.000000000000000000e+00 0.000000000000000000e+00
-7.141228237983058946e+00  0.000000000000000000e+00   5.099782018167826436e+01  1.332299618548654948e-05 0.000000000000000000e+00 0.000000000000000000e+00
-7.142724809914128947e+00  0.000000000000000000e+00   5.101946549218891391e+01  1.857721605056470181e-05 0.000000000000000000e+00 0.000000000000000000e+00
-7.141754189954235166e+00  0.000000000000000000e+00   5.100598155566053293e+01  2.604950442480235382e-05 0.000000000000000000e+00 0.000000000000000000e+00
-7.139860106333864032e+00  0.000000000000000000e+00   5.097859513180441837e+01  1.947509771091367290e-05 0.000000000000000000e+00 0.000000000000000000e+00
-7.142901847541812899e+00  0.000000000000000000e+00   5.102179398106521546e+01  1.464449468956430504e-05 0.000000000000000000e+00 0.000000000000000000e+00
-7.142065123926274239e+00  0.000000000000000000e+00   5.100963315790633601e+01  1.056524351981483053e-05 0.000000000000000000e+00 0.000000000000000000e+00
-7.142690938838860859e+00  0.000000000000000000e+00   5.101878061561419742e+01  1.463733090262166807e-05 0.000000000000000000e+00 0.000000000000000000e+00
-7.143966818319946732e+00  0.000000000000000000e+00   5.103786454231841674e+01  3.140200716685859341e-05 0.000000000000000000e+00 0.000000000000000000e+00
-7.141994013486621107e+00  0.000000000000000000e+00   5.100905789401247148e+01  1.920098468235151843e-05 0.000000000000000000e+00 0.000000000000000000e+00
-7.139695920540135354e+00  0.000000000000000000e+00   5.097708578926332024e+01  3.585958293117664673e-05 0.000000000000000000e+00 0.000000000000000000e+00
-7.141503246414441897e+00  0.000000000000000000e+00   5.100256124408150527e+01  2.926655409238477509e-05 0.000000000000000000e+00 0.000000000000000000e+00
-7.143808664752249626e+00  0.000000000000000000e+00   5.103473935543106421e+01  1.444364167837987042e-05 0.000000000000000000e+00 0.000000000000000000e+00
-7.140242866396719457e+00  0.000000000000000000e+00   5.098596444682422657e+01  5.680818745798638499e-05 0.000000000000000000e+00 0.000000000000000000e+00
-7.142623983318262759e+00  0.000000000000000000e+00   5.101807225193305584e+01  1.950101634887553619e-05 0.000000000000000000e+00 0.000000000000000000e+00
-7.140087833916335391e+00  0.000000000000000000e+00   5.098352748935239021e+01  5.243563196986009178e-05 0.000000000000000000e+00 0.000000000000000000e+00
-7.140298375446959334e+00  0.000000000000000000e+00   5.098484471717463862e+01  1.929682740721161980e-05 0.000000000000000000e+00 0.000000000000000000e+00
-7.142783349855941211e+00  0.000000000000000000e+00   5.102021703768987493e+01  1.691622184988033985e-05 0.000000000000000000e+00 0.000000000000000000e+00
-7.142024408862845064e+00  0.000000000000000000e+00   5.100933321347491756e+01  1.608666160810506442e-05 0.000000000000000000e+00 0.000000000000000000e+00
-7.140424287647876511e+00  0.000000000000000000e+00   5.099013754300147383e+01  8.783911901818222895e-05 0.000000000000000000e+00 0.000000000000000000e+00
-7.141321673300995876e+00  0.000000000000000000e+00   5.099926504782519032e+01  1.548686039948686007e-05 0.000000000000000000e+00 0.000000000000000000e+00
-7.143115391163709305e+00  0.000000000000000000e+00   5.102471760059190586e+01  1.215325978353915985e-05 0.000000000000000000e+00 0.000000000000000000e+00
-7.143291431453833162e+00  0.000000000000000000e+00   5.102752844101065932e+01  1.795075715360268262e-05 0.000000000000000000e+00 0.000000000000000000e+00
