#Npara Msize optCut diagCut sDiagMax  sDiagMin    absRmax       imax
   66    60    68     4  4.10226e-02  0.00000e+00  2.79387e-01    30
   66    60    68     4  3.61720e-02  0.00000e+00  2.39566e-01    28
   66    60    68     4  3.86479e-02  0.00000e+00 -2.05936e-01     6
   66    60    68     4  3.81805e-02  0.00000e+00 -2.23187e-01    36
   66    60    68     4  3.87536e-02  0.00000e+00 -2.55750e-01    36
   66    60    68     4  4.00599e-02  0.00000e+00  2.35562e-01    52
   66    60    68     4  4.04658e-02  0.00000e+00 -2.13636e-01    36
   66    60    68     4  4.73704e-02  0.00000e+00 -1.80930e-01    36
   66    60    68     4  6.58708e-02  0.00000e+00  2.07941e-01    32
   66    60    68     4  5.65282e-02  0.00000e+00  1.82856e-01    32
   66    60    68     4  5.96462e-02  0.00000e+00  1.89787e-01    32
   66    60    68     4  5.63854e-02  0.00000e+00 -2.33433e-01    44
   66    60    68     4  6.60320e-02  0.00000e+00 -1.98661e-01    44
   66    60    68     4  7.95051e-02  0.00000e+00  1.95056e-01    32
   66    60    68     4  6.26706e-02  0.00000e+00 -2.10735e-01    24
   66    60    68     4  7.62717e-02  0.00000e+00 -2.18806e-01    44
   66    60    68     4  6.94482e-02  0.00000e+00 -1.84465e-01    44
   66    60    68     4  7.53702e-02  0.00000e+00 -2.07810e-01    44
   66    60    68     4  7.25460e-02  0.00000e+00 -2.31692e-01    44
   66    60    68     4  1.48287e-01  0.00000e+00 -1.67900e-01    24
   66    60    68     4  7.40635e-02  0.00000e+00 -1.82852e-01    44
   66    60    68     4  1.21675e-01  0.00000e+00 -1.16120e-01    24
   66    60    68     4  7.02028e-02  0.00000e+00 -1.44735e-01    44
   66    60    68     4  8.13887e-02  0.00000e+00 -9.84017e-02    44
   66    60    68     4  9.93459e-02  0.00000e+00 -1.27900e-01    24
   66    60    68     4  7.93388e-02  0.00000e+00 -1.22184e-01    44
   66    60    68     4  8.26473e-02  0.00000e+00 -1.29295e-01    44
   66    60    68     4  7.15592e-02  0.00000e+00 -9.89286e-02    92
   66    60    68     4  6.41298e-02  0.00000e+00  8.00298e-02    66
   66    60    68     4  6.33319e-02  0.00000e+00 -1.06231e-01    92
   66    60    68     4  8.06336e-02  0.00000e+00  1.16977e-01    94
   66    60    68     4  6.02791e-02  0.00000e+00  1.08781e-01    20
   66    60    68     4  6.10988e-02  0.00000e+00 -8.37300e-02    36
   66    60    68     4  6.33820e-02  0.00000e+00  1.15839e-01    20
   66    60    68     4  5.93693e-02  0.00000e+00 -8.15656e-02    40
   66    60    68     4  1.20955e-01  0.00000e+00  1.00664e-01    20
   66    60    68     4  5.51411e-02  0.00000e+00 -9.34556e-02    40
   66    60    68     4  7.22926e-02  0.00000e+00 -8.68943e-02    92
   66    60    68     4  5.03546e-02  0.00000e+00  1.04765e-01    60
   66    60    68     4  7.90532e-02  0.00000e+00 -1.18369e-01    92
   66    60    68     4  7.32207e-02  0.00000e+00  1.02217e-01    60
   66    60    68     4  4.96430e-02  0.00000e+00 -9.14287e-02    92
   66    60    68     4  7.90378e-02  0.00000e+00 -9.61412e-02    92
   66    60    68     4  6.17702e-02  0.00000e+00  8.58507e-02   100
   66    60    68     4  1.10193e-01  0.00000e+00  9.94059e-02   100
   66    60    68     4  6.39702e-02  0.00000e+00  8.50921e-02   100
   66    60    68     4  6.49005e-02  0.00000e+00  1.27315e-01   100
   66    60    68     4  9.98285e-02  0.00000e+00  9.42230e-02   100
   66    60    68     4  8.43240e-02  0.00000e+00  7.75553e-02   100
   66    60    68     4  7.83668e-02  0.00000e+00  1.07075e-01   100
   66    60    68     4  6.13295e-02  0.00000e+00 -6.36158e-02    68
   66    60    68     4  1.00847e-01  0.00000e+00 -7.76278e-02    12
   66    60    68     4  8.18119e-02  0.00000e+00 -8.16579e-02    20
   66    60    68     4  1.49983e-01  0.00000e+00 -1.16393e-01    20
   66    60    68     4  6.33059e-02  0.00000e+00  7.73213e-02   100
   66    60    68     4  1.17075e-01  0.00000e+00 -1.11623e-01    20
   66    60    68     4  1.22044e-01  0.00000e+00 -6.97632e-02    12
   66    60    68     4  1.03625e-01  0.00000e+00 -8.22971e-02    20
   66    60    68     4  1.32090e-01  0.00000e+00 -7.00422e-02    12
   66    60    68     4  7.47300e-02  0.00000e+00  8.96558e-02   100
   66    60    68     4  1.12506e-01  0.00000e+00 -1.48174e-01    20
   66    60    68     4  1.08220e-01  0.00000e+00  7.40083e-02    20
   66    60    68     4  6.62282e-02  0.00000e+00 -9.49880e-02   116
   66    60    68     4  2.15306e-01  0.00000e+00  4.85002e-02    26
   66    60    68     4  1.32643e-01  0.00000e+00 -5.61445e-02    12
   66    60    68     4  1.04031e-01  0.00000e+00 -6.06660e-02    12
   66    60    68     4  1.29565e-01  0.00000e+00 -7.80270e-02   116
   66    60    68     4  1.09173e-01  0.00000e+00 -7.10445e-02   116
   66    60    68     4  1.08432e-01  0.00000e+00 -4.86771e-02    12
   66    60    68     4  1.29770e-01  0.00000e+00 -6.73086e-02   116
   66    60    68     4  1.26930e-01  0.00000e+00  4.21231e-02    30
   66    60    68     4  1.20094e-01  0.00000e+00 -4.01275e-02    20
   66    60    68     4  1.00635e-01  0.00000e+00  3.55350e-02   100
   66    60    68     4  1.39258e-01  0.00000e+00 -5.93721e-02    12
   66    60    68     4  1.71512e-01  0.00000e+00  2.75854e-02    28
   66    60    68     4  1.50957e-01  0.00000e+00  4.91749e-02   100
   66    60    68     4  1.37969e-01  0.00000e+00  6.86128e-02    20
   66    60    68     4  1.07461e-01  0.00000e+00 -3.41801e-02    44
   66    60    68     4  1.01593e-01  0.00000e+00  4.07590e-02    20
   66    60    68     4  1.33680e-01  0.00000e+00 -6.02950e-02    20
   66    60    68     4  1.70171e-01  0.00000e+00 -2.25641e-02   116
   66    60    68     4  1.72018e-01  0.00000e+00  3.49771e-02   116
   66    60    68     4  2.02852e-01  0.00000e+00 -2.14333e-02    44
   66    60    68     4  1.62758e-01  0.00000e+00  3.80341e-02   116
   66    60    68     4  1.90657e-01  0.00000e+00  4.51388e-02    20
   66    60    68     4  1.95479e-01  0.00000e+00  2.19169e-02    24
   66    60    68     4  1.75480e-01  0.00000e+00  2.94895e-02   110
   66    60    68     4  1.38300e-01  0.00000e+00 -3.36930e-02    44
   66    59    68     5  4.90496e-01  0.00000e+00  2.17474e-02    24
   66    59    68     5  2.79238e-01  0.00000e+00 -1.64690e-02    66
   66    60    68     4  1.42777e-01  0.00000e+00 -2.59988e-02    84
   66    60    68     4  1.84784e-01  0.00000e+00  2.96963e-02   124
   66    60    68     4  3.14215e-01  0.00000e+00 -3.32005e-02    12
   66    60    68     4  1.65978e-01  0.00000e+00  3.66880e-02    28
   66    60    68     4  2.26081e-01  0.00000e+00  2.25823e-02    20
   66    60    68     4  1.88891e-01  0.00000e+00  1.94915e-02    24
   66    60    68     4  1.79482e-01  0.00000e+00  4.78501e-02    12
   66    60    68     4  1.71105e-01  0.00000e+00  6.12007e-02    20
   66    60    68     4  2.31915e-01  0.00000e+00  2.38925e-02    28
   66    60    68     4  1.73079e-01  0.00000e+00 -4.63404e-02   116
   66    60    68     4  1.66307e-01  0.00000e+00 -2.32542e-02    26
   66    59    68     5  2.95099e-01  0.00000e+00  2.24258e-02    24
   66    60    68     4  2.45610e-01  0.00000e+00  2.50474e-02    20
   66    60    68     4  1.66678e-01  0.00000e+00 -2.83405e-02    26
   66    59    68     5  3.03145e-01  0.00000e+00  1.92208e-02    26
   66    57    68     7  8.68366e-01  0.00000e+00 -1.77423e-02    44
   66    59    68     5  3.88146e-01  0.00000e+00 -2.36909e-02    26
   66    60    68     4  2.67960e-01  0.00000e+00  3.30925e-02   116
   66    60    68     4  2.01112e-01  0.00000e+00  4.74825e-02    26
   66    60    68     4  2.05531e-01  0.00000e+00  2.93905e-02    20
   66    60    68     4  1.95297e-01  0.00000e+00  4.48659e-02    28
   66    60    68     4  2.06942e-01  0.00000e+00  2.42232e-02    28
   66    59    68     5  2.02688e-01  0.00000e+00 -1.92836e-02    84
   66    60    68     4  2.45767e-01  0.00000e+00  4.24138e-02    20
   66    59    68     5  4.18454e-01  0.00000e+00 -5.14821e-02    12
   66    59    68     5  1.82200e-01  0.00000e+00  1.75258e-02    28
   66    60    68     4  2.11830e-01  0.00000e+00  2.12555e-02    44
   66    59    68     5  2.84204e-01  0.00000e+00 -1.49879e-02    44
   66    58    68     6  5.32044e-01  0.00000e+00 -2.32999e-02   116
   66    59    68     5  2.32603e-01  0.00000e+00  2.22984e-02    28
   66    60    68     4  1.83343e-01  0.00000e+00  2.55642e-02    28
   66    59    68     5  3.01720e-01  0.00000e+00 -2.39322e-02    12
   66    59    68     5  4.60286e-01  0.00000e+00 -2.53762e-02    26
   66    59    68     5  1.99943e-01  0.00000e+00 -2.30587e-02   116
   66    59    68     5  2.21981e-01  0.00000e+00 -1.41042e-02    26
   66    59    68     5  1.95821e-01  0.00000e+00  2.16130e-02   116
   66    59    68     5  2.64986e-01  0.00000e+00  2.88326e-02    26
   66    59    68     5  2.36759e-01  0.00000e+00  2.31701e-02   124
   66    60    68     4  1.63016e-01  0.00000e+00  6.22089e-02    20
   66    59    68     5  1.84635e-01  0.00000e+00 -1.47848e-02    24
   66    59    68     5  3.03272e-01  0.00000e+00 -2.64936e-02    12
   66    60    68     4  1.99795e-01  0.00000e+00 -4.16793e-02   116
   66    59    68     5  2.43533e-01  0.00000e+00  2.74337e-02    28
   66    59    68     5  1.94581e-01  0.00000e+00 -2.64691e-02    44
   66    59    68     5  2.30791e-01  0.00000e+00  3.48858e-02    28
   66    60    68     4  1.75293e-01  0.00000e+00  4.71027e-02    20
   66    59    68     5  5.33449e-01  0.00000e+00 -1.33740e-02   124
   66    59    68     5  3.04105e-01  0.00000e+00 -1.37706e-02    12
   66    59    68     5  2.13793e-01  0.00000e+00  2.15419e-02   116
   66    59    68     5  3.04624e-01  0.00000e+00  2.04516e-02    28
   66    60    68     4  1.88463e-01  0.00000e+00  2.57541e-02    20
   66    59    68     5  2.50612e-01  0.00000e+00  1.52539e-02   116
   66    60    68     4  2.58315e-01  0.00000e+00 -2.70085e-02    26
   66    59    68     5  4.27248e-01  0.00000e+00 -2.12753e-02    12
   66    59    68     5  2.06012e-01  0.00000e+00 -1.23607e-02    52
   66    60    68     4  2.19465e-01  0.00000e+00  3.12512e-02    20
   66    59    68     5  2.07939e-01  0.00000e+00  3.81124e-02    26
   66    59    68     5  2.68192e-01  0.00000e+00  1.63988e-02   116
   66    59    68     5  2.57728e-01  0.00000e+00 -2.02464e-02   116
   66    59    68     5  2.03612e-01  0.00000e+00  8.30368e-03    14
   66    59    68     5  2.35294e-01  0.00000e+00  2.96410e-02   116
   66    59    68     5  2.36720e-01  0.00000e+00 -1.61736e-02   116
   66    60    68     4  2.53997e-01  0.00000e+00  1.80895e-02    20
   66    59    68     5  2.07569e-01  0.00000e+00 -1.12578e-02    26
   66    59    68     5  2.33233e-01  0.00000e+00  2.20206e-02    28
   66    59    68     5  2.40094e-01  0.00000e+00  1.81469e-02    44
   66    60    68     4  1.89840e-01  0.00000e+00  3.36843e-02    20
   66    60    68     4  2.51065e-01  0.00000e+00  2.53651e-02    18
   66    56    68     8  6.67984e-01  0.00000e+00 -1.12970e-02   124
   66    59    68     5  2.22372e-01  0.00000e+00  1.58858e-02    28
   66    59    68     5  2.72612e-01  0.00000e+00  1.97921e-02    26
   66    59    68     5  2.14594e-01  0.00000e+00 -7.70968e-03   116
   66    59    68     5  1.94159e-01  0.00000e+00  1.09741e-02    28
   66    59    68     5  2.88881e-01  0.00000e+00 -1.82612e-02    28
   66    59    68     5  2.12757e-01  0.00000e+00 -1.23754e-02    30
   66    59    68     5  3.72939e-01  0.00000e+00 -3.44927e-02    12
   66    59    68     5  3.12115e-01  0.00000e+00  2.44517e-02    28
   66    59    68     5  4.22064e-01  0.00000e+00 -9.90221e-03   116
   66    59    68     5  3.08905e-01  0.00000e+00 -1.77325e-02    26
   66    59    68     5  2.62789e-01  0.00000e+00  2.36732e-02    26
   66    59    68     5  4.84955e-01  0.00000e+00 -3.96034e-02   116
   66    59    68     5  3.23954e-01  0.00000e+00  1.24975e-02    52
   66    59    68     5  1.88005e-01  0.00000e+00  1.89433e-02   116
   66    60    68     4  1.85412e-01  0.00000e+00 -1.47964e-02    28
   66    59    68     5  3.09559e-01  0.00000e+00  1.65382e-02    28
   66    59    68     5  2.82422e-01  0.00000e+00 -2.01924e-02   124
   66    59    68     5  2.28287e-01  0.00000e+00 -8.14192e-03    44
   66    59    68     5  2.60236e-01  0.00000e+00  1.93897e-02    12
   66    60    68     4  1.92857e-01  0.00000e+00 -8.77859e-03    12
   66    60    68     4  1.91379e-01  0.00000e+00 -3.11939e-02    12
   66    59    68     5  2.20703e-01  0.00000e+00  1.91809e-02    28
   66    59    68     5  2.51033e-01  0.00000e+00  1.13817e-02   116
   66    59    68     5  2.00231e-01  0.00000e+00 -1.46724e-02    30
   66    59    68     5  2.54164e-01  0.00000e+00  4.15196e-02    28
   66    59    68     5  2.10922e-01  0.00000e+00 -1.87352e-02    12
   66    59    68     5  3.24948e-01  0.00000e+00  2.40444e-02    28
   66    59    68     5  2.27313e-01  0.00000e+00 -1.32102e-02    26
   66    59    68     5  2.85712e-01  0.00000e+00 -1.05982e-02   116
   66    59    68     5  3.77270e-01  0.00000e+00 -1.74372e-02   116
   66    59    68     5  1.82574e-01  0.00000e+00 -1.37301e-02   116
   66    59    68     5  3.24920e-01  0.00000e+00  1.66639e-02   116
   66    59    68     5  5.56874e-01  0.00000e+00 -2.52809e-02    28
   66    59    68     5  2.35017e-01  0.00000e+00 -1.62733e-02   116
   66    59    68     5  1.88920e-01  0.00000e+00  1.52603e-02    12
   66    59    68     5  2.49394e-01  0.00000e+00 -1.16408e-02    26
   66    59    68     5  2.86940e-01  0.00000e+00  1.40807e-02    28
   66    59    68     5  2.74466e-01  0.00000e+00  1.97296e-02    28
   66    59    68     5  2.52854e-01  0.00000e+00  1.22623e-02    28
   66    59    68     5  2.55721e-01  0.00000e+00 -1.92611e-02    28
   66    59    68     5  2.15043e-01  0.00000e+00 -1.50270e-02    12
   66    59    68     5  2.16248e-01  0.00000e+00  1.40909e-02    26
   66    59    68     5  1.95726e-01  0.00000e+00  1.61490e-02    12
   66    60    68     4  2.13290e-01  0.00000e+00 -2.15584e-02    12
   66    60    68     4  2.48086e-01  0.00000e+00  2.33529e-02    12
   66    60    68     4  2.29003e-01  0.00000e+00 -2.26138e-02   116
   66    60    68     4  2.55169e-01  0.00000e+00 -2.86298e-02    20
   66    59    68     5  2.31616e-01  0.00000e+00 -1.67784e-02    12
   66    59    68     5  2.43549e-01  0.00000e+00  9.77369e-03   124
   66    59    68     5  2.32892e-01  0.00000e+00  1.89085e-02    26
   66    57    68     7  7.24840e-01  0.00000e+00 -2.01772e-02    26
   66    59    68     5  2.91117e-01  0.00000e+00  1.83751e-02    28
   66    59    68     5  2.43263e-01  0.00000e+00 -1.41884e-02    12
   66    59    68     5  2.45028e-01  0.00000e+00  9.59660e-03    28
   66    59    68     5  2.40088e-01  0.00000e+00 -1.01494e-02   124
   66    59    68     5  2.36041e-01  0.00000e+00  1.21622e-02   116
   66    59    68     5  4.13302e-01  0.00000e+00 -2.08145e-02    18
   66    59    68     5  2.65154e-01  0.00000e+00  9.55488e-03    28
   66    59    68     5  2.63203e-01  0.00000e+00 -2.78510e-02    12
   66    59    68     5  2.10301e-01  0.00000e+00  1.27980e-02   116
   66    59    68     5  3.28307e-01  0.00000e+00 -1.83859e-02    12
   66    59    68     5  3.10398e-01  0.00000e+00 -9.25058e-03    30
   66    59    68     5  3.23573e-01  0.00000e+00 -1.64640e-02    28
   66    59    68     5  3.09341e-01  0.00000e+00  1.29089e-02   116
   66    59    68     5  2.51427e-01  0.00000e+00  1.21918e-02    30
   66    59    68     5  3.37935e-01  0.00000e+00  1.44807e-02    28
   66    59    68     5  3.21952e-01  0.00000e+00 -1.80980e-02    28
   66    59    68     5  2.28089e-01  0.00000e+00 -2.10931e-02    12
   66    59    68     5  2.48837e-01  0.00000e+00  9.67729e-03    26
   66    59    68     5  2.29486e-01  0.00000e+00  1.48241e-02    84
   66    59    68     5  2.42492e-01  0.00000e+00  7.62316e-03    18
   66    59    68     5  3.63450e-01  0.00000e+00 -8.20662e-03    26
   66    59    68     5  3.92328e-01  0.00000e+00 -2.23355e-02   116
   66    59    68     5  3.16799e-01  0.00000e+00 -1.20236e-02    26
   66    59    68     5  2.45270e-01  0.00000e+00  5.25491e-03    14
   66    59    68     5  3.09981e-01  0.00000e+00  1.98585e-02   116
   66    59    68     5  2.50344e-01  0.00000e+00  8.03296e-03   116
   66    59    68     5  3.35765e-01  0.00000e+00  1.18489e-02   116
   66    59    68     5  2.49498e-01  0.00000e+00  2.35408e-02    28
   66    59    68     5  2.57175e-01  0.00000e+00  1.18579e-02    18
   66    59    68     5  2.89822e-01  0.00000e+00  2.71518e-02    28
   66    59    68     5  2.44700e-01  0.00000e+00 -1.95615e-02    12
   66    59    68     5  3.27943e-01  0.00000e+00  2.45951e-02    28
   66    59    68     5  2.46021e-01  0.00000e+00 -1.46316e-02    28
   66    59    68     5  2.62609e-01  0.00000e+00 -1.79202e-02   116
   66    59    68     5  3.47775e-01  0.00000e+00  9.83953e-03   100
   66    59    68     5  2.52562e-01  0.00000e+00  1.73619e-02    28
   66    59    68     5  3.75527e-01  0.00000e+00  1.28866e-02    12
   66    59    68     5  2.37861e-01  0.00000e+00 -1.43581e-02    28
   66    59    68     5  3.84904e-01  0.00000e+00 -1.09082e-02    52
   66    59    68     5  2.87829e-01  0.00000e+00 -1.28515e-02    28
   66    59    68     5  2.57000e-01  0.00000e+00 -1.00606e-02   116
   66    58    68     6  5.50697e-01  0.00000e+00  1.35392e-02    28
   66    59    68     5  3.61353e-01  0.00000e+00  8.01044e-03    28
   66    59    68     5  2.32849e-01  0.00000e+00 -8.86602e-03    12
   66    59    68     5  2.35846e-01  0.00000e+00  2.22970e-02    12
   66    59    68     5  2.76099e-01  0.00000e+00  1.11953e-02    44
   66    59    68     5  2.79355e-01  0.00000e+00  2.23861e-02    28
   66    59    68     5  3.10111e-01  0.00000e+00 -9.79514e-03    28
   66    57    68     7  5.32808e-01  0.00000e+00  2.61063e-02    84
   66    58    68     6  5.22339e-01  0.00000e+00 -1.83520e-02    44
   66    59    68     5  2.86814e-01  0.00000e+00 -9.70319e-03   116
   66    59    68     5  2.55027e-01  0.00000e+00 -1.36726e-02    12
   66    59    68     5  3.35061e-01  0.00000e+00 -1.15704e-02   116
   66    59    68     5  2.41128e-01  0.00000e+00 -9.63120e-03    44
   66    59    68     5  2.41935e-01  0.00000e+00  1.03994e-02    84
   66    59    68     5  3.29175e-01  0.00000e+00  8.41523e-03    92
   66    59    68     5  3.66053e-01  0.00000e+00  2.16465e-02    28
   66    59    68     5  3.35759e-01  0.00000e+00 -1.26033e-02    24
   66    59    68     5  2.53063e-01  0.00000e+00 -1.26414e-02   124
   66    59    68     5  3.21961e-01  0.00000e+00  2.73113e-02    28
   66    59    68     5  3.56716e-01  0.00000e+00 -1.41070e-02    26
   66    59    68     5  3.65120e-01  0.00000e+00 -1.50835e-02   116
   66    59    68     5  3.48145e-01  0.00000e+00  1.81736e-02    12
   66    59    68     5  3.02308e-01  0.00000e+00 -1.07607e-02   124
   66    59    68     5  2.31165e-01  0.00000e+00  9.49812e-03    52
   66    59    68     5  4.38693e-01  0.00000e+00  9.41533e-03    12
   66    59    68     5  3.43313e-01  0.00000e+00 -2.08059e-02   124
   66    59    68     5  2.60119e-01  0.00000e+00  1.31248e-02    28
   66    59    68     5  2.95926e-01  0.00000e+00 -1.42971e-02    12
   66    59    68     5  3.55479e-01  0.00000e+00 -1.80333e-02    44
   66    59    68     5  3.11667e-01  0.00000e+00 -1.65986e-02   124
   66    59    68     5  2.88727e-01  0.00000e+00  1.73124e-02    12
   66    59    68     5  2.43948e-01  0.00000e+00  1.61036e-02    28
   66    59    68     5  2.45583e-01  0.00000e+00 -1.39587e-02    12
   66    59    68     5  2.73516e-01  0.00000e+00 -1.13034e-02    26
   66    59    68     5  4.59448e-01  0.00000e+00  1.28574e-02    28
   66    59    68     5  3.03700e-01  0.00000e+00  2.14723e-02    28
   66    59    68     5  3.58847e-01  0.00000e+00  2.82568e-02    26
   66    59    68     5  2.65615e-01  0.00000e+00  2.70910e-02   116
   66    59    68     5  4.92648e-01  0.00000e+00  1.09153e-02   116
   66    59    68     5  2.63358e-01  0.00000e+00 -3.23651e-02    12
   66    59    68     5  4.77499e-01  0.00000e+00 -9.45789e-03    22
   66    59    68     5  2.82407e-01  0.00000e+00  1.97344e-02    28
   66    57    68     7  6.08220e-01  0.00000e+00  1.08489e-02   116
   66    59    68     5  2.25518e-01  0.00000e+00 -1.56626e-02    28
   66    57    68     7  5.61302e-01  0.00000e+00  7.18196e-03    92
   66    59    68     5  2.96580e-01  0.00000e+00  4.14144e-02    28
   66    59    68     5  2.84286e-01  0.00000e+00 -1.62252e-02    12
   66    59    68     5  2.94706e-01  0.00000e+00 -1.19151e-02   124
   66    59    68     5  2.77928e-01  0.00000e+00  7.32959e-03    24
