24 0.01 0.003 1.0e-8
1 1 22
1 0
0 0
1 0
0 0
1 1
0 0
1 1
0 0
1 1
0 0
1 1
0 0
1 1
0 0
1 1
0 0
1 1
0 0
1 1
0 0
1 1
0 0
1 1
0 0
1 1
0 0
1 1
0 0
1 1
1 0
1 1
1 0
1 1
1 0
1 1
1 0
1 1
1 0
1 1
1 0
1 1
1 0
1 1
1 0
1 1
1 0
1 1
1 0
0.0 0.0
0.0 0.0
-1.306444348299719 0.0
0.8145542755265731 0.0
2.8321716933726755 0.0
3.7078191283087345 0.0
-1.9726968213402545 0.0
0.4586524395976016 0.0
4.0 0.0
-1.0429043829752231 0.0
-2.486190276123329 0.0
2.353211908974034 0.0
3.0342047206937153 0.0
-2.0589752785279534 0.0
-1.7119611972674036 0.0
-0.7701311115346101 0.0
-1.6537448073977075 0.0
0.9924304020606126 0.0
-3.299210978642272 0.0
-1.946989403692977 0.0
-2.2733817641137453 0.0
-0.5264021577207691 0.0
2.0841767766771664 0.0
-0.7390443312400151 0.0
1.0 0.0
0.0 0.0
0.0 0.0
0.0 0.0
0.048694244788841816 0.0
0.09514596919348568 0.0
0.12012844183183999 0.0
-0.08259455155016958 0.0
-0.03648234132270197 0.0
0.08054996522370993 0.0
0.0 0.0
-0.06614890778654631 0.0
0.08010912068093302 0.0
0.11648194519687476 0.0
-0.08282610081695849 0.0
-0.041953696777360765 0.0
-0.04507219529773857 0.0
-0.0225612409533707 0.0
0.009579811911478409 0.0
-0.11427082910336181 0.0
-0.08646022279629087 0.0
-0.03334354188087214 0.0
-0.010342547164214747 0.0
0.049475504275617234 0.0
-0.023077416474273544 0.0
0.0 0.0
0.0 0.0
0.0 0.0
0.0 0.0
0.0 0.0
0.0 0.0
0.0 0.0
0.0 0.0
0.0 0.0
0.0 0.0
0.0 0.0
0.0 0.0
0.0 0.0
0.0 0.0
0.0 0.0
0.0 0.0
0.0 0.0
0.0 0.0
0.0 0.0
0.0 0.0
0.0 0.0
0.0 0.0
0.0 0.0
0.0 0.0
0.0 0.0
0.0 0.0
0.0 0.0
0.0 0.0
0.0 0.0
0.0 0.0
0.0 0.0
0.0 0.0
0.0 0.0
0.0 0.0
0.0 0.0
0.0 0.0
0.0 0.0
0.0 0.0
0.0 0.0
0.0 0.0
0.0 0.0
0.0 0.0
0.0 0.0
0.0 0.0
0.0 0.0
0.0 0.0
0.0 0.0
0.0 0.0
0.0 0.0
0.0 0.0
0.0 0.0
0.0 0.0
0.0 0.0
0.0 0.0
0.0 0.0
0.0 0.0
0.0 0.0
0.0 0.0
0.0 0.0
0.0 0.0
0.0 0.0
0.0 0.0
0.0 0.0
0.0 0.0
0.0 0.0
0.0 0.0
0.0 0.0
0.0 0.0
0.0 0.0
0.0 0.0
0.0 0.0
0.0 0.0
0.0 0.0
0.0 0.0
0.0 0.0
0.048694244788841816 0.0
0.0 0.0
0.0 0.0
0.0 0.0
0.013179722604230672 0.0
0.004909802199425279 0.0
0.0014427025496645371 0.0
-0.007232570672222555 0.0
-0.0026112420203046895 0.0
0.005386956478239765 0.0
0.0 0.0
-0.0013042359736167343 0.0
0.005007065207325502 0.0
0.0012779406198872557 0.0
-0.007177971757974332 0.0
-0.0006029869129215592 0.0
-0.000717560413864978 0.0
-0.0025703601890696703 0.0
0.002626090561289429 0.0
-0.003832762402045225 0.0
-0.00708563968150212 0.0
-0.0019784924683983267 0.0
0.0001063260840768545 0.0
0.0012974577321892072 0.0
-0.007799154285559882 0.0
0.09514596919348568 0.0
0.0 0.0
0.0 0.0
0.0 0.0
0.004909802199425279 0.0
0.012928493803445906 0.0
0.010691393752243641 0.0
-0.009172105159675328 0.0
-0.006268919914294758 0.0
0.0033450690377306615 0.0
0.0 0.0
-0.007568353346707449 0.0
0.010541658283826676 0.0
0.01053886356219043 0.0
-0.007546131344489622 0.0
-0.0054659589583374866 0.0
-0.0050013005626083915 0.0
0.0019261970620519271 0.0
0.0005874481064712117 0.0
-0.011838735082376609 0.0
-0.006794907592157572 0.0
-0.00467751200961352 0.0
-0.00029111067252778235 0.0
0.004590767811608367 0.0
-0.0029700985436646675 0.0
0.12012844183183999 0.0
0.0 0.0
0.0 0.0
0.0 0.0
0.0014427025496645371 0.0
0.010691393752243641 0.0
0.03612465237902108 0.0
-0.008358729546579164 0.0
-0.00544482863844529 0.0
0.004133921563127125 0.0
0.0 0.0
-0.0042642600294074285 0.0
0.010135295842519548 0.0
0.014895069276481088 0.0
-0.010931162832562473 0.0
-0.006093756909668414 0.0
-0.010276327057494119 0.0
-0.0007047625226287828 0.0
0.0009713885801525411 0.0
-0.005623742700051285 0.0
-0.010344971164177414 0.0
-0.000442883572590087 0.0
0.0007871081270958061 0.0
0.0010864028541356897 0.0
-0.0003746546051133454 0.0
-0.08259455155016958 0.0
0.0 0.0
0.0 0.0
0.0 0.0
-0.007232570672222555 0.0
-0.009172105159675328 0.0
-0.008358729546579164 0.0
0.012650235723491207 0.0
0.0032529569276137744 0.0
-0.004250129858672619 0.0
0.0 0.0
0.0044748966666799065 0.0
-0.006470693388890767 0.0
-0.004656916831289997 0.0
0.010307827281159105 0.0
0.004443148317360898 0.0
0.004634046412375332 0.0
-0.00224681345857426 0.0
-0.0015353447527367765 0.0
0.010440364998728554 0.0
0.0065706995295990635 0.0
0.005617767285859305 0.0
0.0027938783826487817 0.0
-0.004750584589381345 0.0
0.003231999293765206 0.0
-0.03648234132270197 0.0
0.0 0.0
0.0 0.0
0.0 0.0
-0.0026112420203046895 0.0
-0.006268919914294758 0.0
-0.00544482863844529 0.0
0.0032529569276137744 0.0
0.016126059342273034 0.0
0.0010655052566046492 0.0
0.0 0.0
0.002979424659859586 0.0
-0.008160350591887307 0.0
-0.0012059331014133727 0.0
0.006426092077535445 0.0
0.007439849213224559 0.0
0.0022648193471604635 0.0
-0.0009774411889861136 0.0
0.0011988516614352056 0.0
0.003807678821172388 0.0
0.0012982696975137973 0.0
0.006253291085117529 0.0
0.002289516396166622 0.0
0.003850044165472864 0.0
-0.004119490480766504 0.0
0.08054996522370993 0.0
0.0 0.0
0.0 0.0
0.0 0.0
0.005386956478239765 0.0
0.0033450690377306615 0.0
0.004133921563127125 0.0
-0.004250129858672619 0.0
0.0010655052566046492 0.0
0.019499034529918066 0.0
0.0 0.0
-0.007025372263866136 0.0
0.0026737051062666046 0.0
0.015156861842506331 0.0
-0.004879943167586914 0.0
0.0006775431719911448 0.0
-0.0008573006832997237 0.0
-0.001625683440417471 0.0
-0.0006654555240092539 0.0
-0.005952904108146081 0.0
-0.009960100616919324 0.0
-0.00018651029975144993 0.0
-0.0024036057204350355 0.0
0.001480590520265761 0.0
-0.0006234880925590973 0.0
0.0 0.0
0.0 0.0
0.0 0.0
0.0 0.0
0.0 0.0
0.0 0.0
0.0 0.0
0.0 0.0
0.0 0.0
0.0 0.0
0.0 0.0
0.0 0.0
0.0 0.0
0.0 0.0
0.0 0.0
0.0 0.0
0.0 0.0
0.0 0.0
0.0 0.0
0.0 0.0
0.0 0.0
0.0 0.0
0.0 0.0
0.0 0.0
0.0 0.0
-0.06614890778654631 0.0
0.0 0.0
0.0 0.0
0.0 0.0
-0.0013042359736167343 0.0
-0.007568353346707449 0.0
-0.0042642600294074285 0.0
0.0044748966666799065 0.0
0.002979424659859586 0.0
-0.007025372263866136 0.0
0.0 0.0
0.007476413149930479 0.0
-0.00566695011485837 0.0
-0.010567304292138655 0.0
0.0037187827351939963 0.0
0.0030897605609972478 0.0
0.0023255510983650174 0.0
-0.0016473758536624291 0.0
0.0010837158240263275 0.0
0.008348726419394593 0.0
0.00453478730090477 0.0
0.0032378739436593087 0.0
0.0008491708270831705 0.0
-0.0025452383539521016 0.0
0.00022393225703807752 0.0
0.08010912068093302 0.0
0.0 0.0
0.0 0.0
0.0 0.0
0.005007065207325502 0.0
0.010541658283826676 0.0
0.010135295842519548 0.0
-0.006470693388890767 0.0
-0.008160350591887307 0.0
0.0026737051062666046 0.0
0.0 0.0
-0.00566695011485837 0.0
0.012588559001791849 0.0
0.011459267388110787 0.0
-0.008701278821218138 0.0
-0.0072395076472522865 0.0
-0.004790138708696459 0.0
-0.0011522376227849419 0.0
0.0006491337521417938 0.0
-0.004687017770409515 0.0
-0.006472317520634038 0.0
-0.0035752645307992707 0.0
-0.0004594800575758173 0.0
-0.0017804902332020582 0.0
-0.0018156163617070117 0.0
0.11648194519687476 0.0
0.0 0.0
0.0 0.0
0.0 0.0
0.0012779406198872557 0.0
0.01053886356219043 0.0
0.014895069276481088 0.0
-0.004656916831289997 0.0
-0.0012059331014133727 0.0
0.015156861842506331 0.0
0.0 0.0
-0.010567304292138655 0.0
0.011459267388110787 0.0
0.026172352322881464 0.0
-0.006929418150478684 0.0
-0.004622284146378321 0.0
-0.005840448274896495 0.0
-0.0005917709460683533 0.0
-0.0011610821261910113 0.0
-0.0037418611579846757 0.0
-0.011093477325312786 0.0
-0.0013727229278774282 0.0
-0.0004179958330104293 0.0
-0.001596994187824758 0.0
-0.0012932026206100434 0.0
-0.08282610081695849 0.0
0.0 0.0
0.0 0.0
0.0 0.0
-0.007177971757974332 0.0
-0.007546131344489622 0.0
-0.010931162832562473 0.0
0.010307827281159105 0.0
0.006426092077535445 0.0
-0.004879943167586914 0.0
0.0 0.0
0.0037187827351939963 0.0
-0.008701278821218138 0.0
-0.006929418150478684 0.0
0.013621295825843954 0.0
0.0077676594295195 0.0
0.005149654203177315 0.0
0.0014680655711182277 0.0
-0.0018164703849718323 0.0
0.0049411580138900525 0.0
0.007358987010930499 0.0
0.006070727922803466 0.0
0.0032091293472781574 0.0
0.0020218329805680954 0.0
0.002203760875632624 0.0
-0.041953696777360765 0.0
0.0 0.0
0.0 0.0
0.0 0.0
-0.0006029869129215592 0.0
-0.0054659589583374866 0.0
-0.006093756909668414 0.0
0.004443148317360898 0.0
0.007439849213224559 0.0
0.0006775431719911448 0.0
0.0 0.0
0.0030897605609972478 0.0
-0.0072395076472522865 0.0
-0.004622284146378321 0.0
0.0077676594295195 0.0
0.008770208475085167 0.0
0.002516081162615056 0.0
-0.0003172170373895206 0.0
-0.00023612393214172584 0.0
0.002403380542193595 0.0
0.0013137465775933895 0.0
0.00530976240939029 0.0
-0.0004360731854904594 0.0
0.004699390106419131 0.0
0.0009743728322236273 0.0
-0.04507219529773857 0.0
0.0 0.0
0.0 0.0
0.0 0.0
-0.000717560413864978 0.0
-0.0050013005626083915 0.0
-0.010276327057494119 0.0
0.004634046412375332 0.0
0.0022648193471604635 0.0
-0.0008573006832997237 0.0
0.0 0.0
0.0023255510983650174 0.0
-0.004790138708696459 0.0
-0.005840448274896495 0.0
0.005149654203177315 0.0
0.002516081162615056 0.0
0.007625248411605815 0.0
0.0009267948069530561 0.0
0.002231742880959382 0.0
0.0014545329426202127 0.0
0.003878061955534836 0.0
0.00027256399813277627 0.0
0.004253889615725519 0.0
-0.00014751530917141132 0.0
0.0005970859574935866 0.0
-0.0225612409533707 0.0
0.0 0.0
0.0 0.0
0.0 0.0
-0.0025703601890696703 0.0
0.0019261970620519271 0.0
-0.0007047625226287828 0.0
-0.00224681345857426 0.0
-0.0009774411889861136 0.0
-0.001625683440417471 0.0
0.0 0.0
-0.0016473758536624291 0.0
-0.0011522376227849419 0.0
-0.0005917709460683533 0.0
0.0014680655711182277 0.0
-0.0003172170373895206 0.0
0.0009267948069530561 0.0
0.018522193352267544 0.0
0.0 0.0
0.005996059578824613 0.0
0.0018456242019870867 0.0
-0.0028558904484834863 0.0
-0.00040768312470290495 0.0
-0.00598384169460386 0.0
0.003433927436387822 0.0
0.009579811911478409 0.0
0.0 0.0
0.0 0.0
0.0 0.0
0.002626090561289429 0.0
0.0005874481064712117 0.0
0.0009713885801525411 0.0
-0.0015353447527367765 0.0
0.0011988516614352056 0.0
-0.0006654555240092539 0.0
0.0 0.0
0.0010837158240263275 0.0
0.0006491337521417938 0.0
-0.0011610821261910113 0.0
-0.0018164703849718323 0.0
-0.00023612393214172584 0.0
0.002231742880959382 0.0
0.0 0.0
0.005133601896095748 0.0
-0.0015988390942533637 0.0
-0.003486794099677828 0.0
-0.000937927967799485 0.0
0.002143038405577865 0.0
0.001532518280729015 0.0
-0.0017936817132130694 0.0
-0.11427082910336181 0.0
0.0 0.0
0.0 0.0
0.0 0.0
-0.003832762402045225 0.0
-0.011838735082376609 0.0
-0.005623742700051285 0.0
0.010440364998728554 0.0
0.003807678821172388 0.0
-0.005952904108146081 0.0
0.0 0.0
0.008348726419394593 0.0
-0.004687017770409515 0.0
-0.0037418611579846757 0.0
0.0049411580138900525 0.0
0.002403380542193595 0.0
0.0014545329426202127 0.0
0.005996059578824613 0.0
-0.0015988390942533637 0.0
0.032384484389721926 0.0
0.006121874407926251 0.0
0.004002394915445065 0.0
0.0005924307254516494 0.0
-0.02103871601966787 0.0
0.0007794154616853342 0.0
-0.08646022279629087 0.0
0.0 0.0
0.0 0.0
0.0 0.0
-0.00708563968150212 0.0
-0.006794907592157572 0.0
-0.010344971164177414 0.0
0.0065706995295990635 0.0
0.0012982696975137973 0.0
-0.009960100616919324 0.0
0.0 0.0
0.00453478730090477 0.0
-0.006472317520634038 0.0
-0.011093477325312786 0.0
0.007358987010930499 0.0
0.0013137465775933895 0.0
0.003878061955534836 0.0
0.0018456242019870867 0.0
-0.003486794099677828 0.0
0.006121874407926251 0.0
0.013056929513051752 0.0
0.0007919408422470516 0.0
0.0018608649885401886 0.0
-0.0026898456389698074 0.0
0.003694114142521979 0.0
-0.03334354188087214 0.0
0.0 0.0
0.0 0.0
0.0 0.0
-0.0019784924683983267 0.0
-0.00467751200961352 0.0
-0.000442883572590087 0.0
0.005617767285859305 0.0
0.006253291085117529 0.0
-0.00018651029975144993 0.0
0.0 0.0
0.0032378739436593087 0.0
-0.0035752645307992707 0.0
-0.0013727229278774282 0.0
0.006070727922803466 0.0
0.00530976240939029 0.0
0.00027256399813277627 0.0
-0.0028558904484834863 0.0
-0.000937927967799485 0.0
0.004002394915445065 0.0
0.0007919408422470516 0.0
0.009306688152677071 0.0
0.0007681823111235208 0.0
0.0002222623909988122 0.0
0.00011905014353169961 0.0
-0.010342547164214747 0.0
0.0 0.0
0.0 0.0
0.0 0.0
0.0001063260840768545 0.0
-0.00029111067252778235 0.0
0.0007871081270958061 0.0
0.0027938783826487817 0.0
0.002289516396166622 0.0
-0.0024036057204350355 0.0
0.0 0.0
0.0008491708270831705 0.0
-0.0004594800575758173 0.0
-0.0004179958330104293 0.0
0.0032091293472781574 0.0
-0.0004360731854904594 0.0
0.004253889615725519 0.0
-0.00040768312470290495 0.0
0.002143038405577865 0.0
0.0005924307254516494 0.0
0.0018608649885401886 0.0
0.0007681823111235208 0.0
0.00981285123948295 0.0
-0.0007211094922960086 0.0
-0.007654157212527422 0.0
0.049475504275617234 0.0
0.0 0.0
0.0 0.0
0.0 0.0
0.0012974577321892072 0.0
0.004590767811608367 0.0
0.0010864028541356897 0.0
-0.004750584589381345 0.0
0.003850044165472864 0.0
0.001480590520265761 0.0
0.0 0.0
-0.0025452383539521016 0.0
-0.0017804902332020582 0.0
-0.001596994187824758 0.0
0.0020218329805680954 0.0
0.004699390106419131 0.0
-0.00014751530917141132 0.0
-0.00598384169460386 0.0
0.001532518280729015 0.0
-0.02103871601966787 0.0
-0.0026898456389698074 0.0
0.0002222623909988122 0.0
-0.0007211094922960086 0.0
0.020220331618025392 0.0
0.0 0.0
-0.023077416474273544 0.0
0.0 0.0
0.0 0.0
0.0 0.0
-0.007799154285559882 0.0
-0.0029700985436646675 0.0
-0.0003746546051133454 0.0
0.003231999293765206 0.0
-0.004119490480766504 0.0
-0.0006234880925590973 0.0
0.0 0.0
0.00022393225703807752 0.0
-0.0018156163617070117 0.0
-0.0012932026206100434 0.0
0.002203760875632624 0.0
0.0009743728322236273 0.0
0.0005970859574935866 0.0
0.003433927436387822 0.0
-0.0017936817132130694 0.0
0.0007794154616853342 0.0
0.003694114142521979 0.0
0.00011905014353169961 0.0
-0.007654157212527422 0.0
0.0 0.0
0.018180923539786023 0.0
0.0 0.0
0.0 0.0
0.0 0.0
0.0 0.0
0.0 0.0
0.0 0.0
0.0 0.0
0.0 0.0
0.0 0.0
0.0 0.0
0.0 0.0
0.0 0.0
0.0 0.0
0.0 0.0
0.0 0.0
0.0 0.0
0.0 0.0
0.0 0.0
0.0 0.0
0.0 0.0
0.0 0.0
0.0 0.0
0.0 0.0
0.0 0.0
0.0 0.0
0.0 0.0
0.0 0.0
0.0 0.0
0.0 0.0
0.0 0.0
0.0 0.0
0.0 0.0
0.0 0.0
0.0 0.0
0.0 0.0
0.0 0.0
0.0 0.0
0.0 0.0
0.0 0.0
0.0 0.0
0.0 0.0
0.0 0.0
0.0 0.0
0.0 0.0
0.0 0.0
0.0 0.0
0.0 0.0
0.0 0.0
0.0 0.0
0.0 0.0
-0.09922247391920469 0.0
0.0 0.0
0.0 0.0
0.0 0.0
-0.08354770954897382 0.0
0.003039515303707329 0.0
-0.027446475373631617 0.0
0.035535194700537176 0.0
0.03302584477607375 0.0
-0.09309142485201495 0.0
0.0 0.0
0.0015993092934785383 0.0
-0.029724341798059366 0.0
-0.04221073952852679 0.0
0.054031320888156015 0.0
0.0020531804407403096 0.0
-0.006859263371611486 0.0
-0.07023512664417246 0.0
0.0025235409044494124 0.0
-0.10018232393138558 0.0
0.039055809169487636 0.0
-0.0027815527823916207 0.0
0.029399604076447095 0.0
0.10392808159190767 0.0
-0.02943803549373042 0.0
